2.000000000000000111e-01 4.000000000000000222e-01 9.990759690866862081e-04 5.271181981857399057e-01 6.071615960445002624e-01 5.474220134620331286e-04 8.269496445252705569e-05 3.630420364611554361e-04
2.040816326530612290e-01 4.000000000000000222e-01 -2.988770596255344112e-03 5.265747702600092062e-01 6.067227556343479655e-01 4.352630287255069143e-04 1.019608513434463483e-04 4.434978068422961535e-04
2.081632653061224469e-01 4.000000000000000222e-01 -1.712848087432053065e-02 5.325759289397805629e-01 6.179742858810611805e-01 3.299563962036091021e-04 1.183849766443787019e-04 4.841609113972572781e-04
2.122448979591836926e-01 4.000000000000000222e-01 9.114418929730073093e-04 5.323841578561274712e-01 6.172943867010765029e-01 2.955635202954309143e-04 1.050149626070661952e-04 4.513661948373559130e-04
2.163265306122449105e-01 4.000000000000000222e-01 5.995855466335871416e-03 5.368691366677811327e-01 6.258745137006680448e-01 2.959950319095018025e-04 1.041241201900939558e-04 4.665445799538679673e-04
2.204081632653061285e-01 4.000000000000000222e-01 -2.732351457090987805e-05 5.375923330200391703e-01 6.275922798710449335e-01 5.378724233281684209e-04 1.207882502972139815e-04 5.075509764097880421e-04
2.244897959183673741e-01 4.000000000000000222e-01 -1.503756569619944285e-03 5.443470534100587344e-01 6.406835196083644490e-01 4.753380580326174568e-04 9.587957910106471718e-05 4.348219094022082718e-04
2.285714285714285920e-01 4.000000000000000222e-01 5.924750136744520550e-03 5.461742452778941548e-01 6.446589931272951324e-01 5.050631442323110301e-04 1.036159499044463778e-04 4.658883196771411179e-04
2.326530612244898100e-01 4.000000000000000222e-01 8.239758804768139086e-03 5.518953868419125275e-01 6.560024818062499818e-01 4.168651533389404365e-04 1.003104109354037812e-04 4.691361941506955635e-04
2.367346938775510279e-01 4.000000000000000222e-01 1.004230068745022532e-03 5.556335425265448436e-01 6.628096662133724504e-01 5.441948959021266968e-04 8.832476820671470200e-05 4.367925591265611057e-04
2.408163265306122458e-01 4.000000000000000222e-01 1.361982131309262371e-02 5.580429190319000643e-01 6.688858150887642129e-01 3.990991374705334734e-04 1.360632019577545984e-04 5.878194167250291088e-04
2.448979591836734915e-01 4.000000000000000222e-01 -3.208087425453839351e-03 5.659172716432708805e-01 6.828693821566982347e-01 6.981205433515474479e-04 1.199857082287693289e-04 5.500857900057306085e-04
2.489795918367347094e-01 4.000000000000000222e-01 -1.610790737195168243e-02 5.697483575548494272e-01 6.911154953786304844e-01 6.465682016664867126e-04 1.224860526896118349e-04 5.615003032569462890e-04
2.530612244897959551e-01 4.000000000000000222e-01 9.304733957904357108e-04 5.730264294112740187e-01 6.976865863547859758e-01 2.618028501961129455e-04 1.142537776447700217e-04 5.406010980144148725e-04
2.571428571428571730e-01 4.000000000000000222e-01 -6.233169766909031281e-03 5.794694818109890067e-01 7.116854306293567412e-01 6.299264507648974672e-04 8.252061663871566432e-05 4.118734667472134618e-04
2.612244897959183909e-01 4.000000000000000222e-01 -3.227109854516186250e-03 5.864618632160687461e-01 7.253485179502070501e-01 5.337928772110101579e-04 1.343161244585706936e-04 6.489106595865867843e-04
2.653061224489796088e-01 4.000000000000000222e-01 1.441474222904781492e-02 5.920351144417582701e-01 7.364513982047338203e-01 7.001185753257269540e-04 1.013522366583731162e-04 4.973372466704524411e-04
2.693877551020408267e-01 4.000000000000000222e-01 1.408020915801252819e-02 5.997813635460101933e-01 7.527671841476760717e-01 1.163122491655549980e-03 1.452880383526944017e-04 6.871346818290765407e-04
2.734693877551020447e-01 4.000000000000000222e-01 7.095191687835459421e-03 6.036975988615392863e-01 7.604995794506371753e-01 8.604863827083182029e-04 1.498399164130817041e-04 7.177859571361729172e-04
2.775510204081632626e-01 4.000000000000000222e-01 9.507515582119253211e-03 6.114163808211524609e-01 7.764792239986485489e-01 7.942438209016588558e-04 1.226697928183899053e-04 6.044848580980994885e-04
2.816326530612245360e-01 4.000000000000000222e-01 7.607809607431248629e-03 6.175819050010854516e-01 7.892362598943787333e-01 4.635032224388013029e-04 1.167259197137932741e-04 6.211804609378997590e-04
2.857142857142856984e-01 4.000000000000000222e-01 1.265230459342312104e-02 6.292388859223650988e-01 8.133334765629314234e-01 6.665287613738872215e-04 1.565369532907869737e-04 8.234400987456902713e-04
2.897959183673469719e-01 4.000000000000000222e-01 2.014593227759186797e-03 6.398849438964089309e-01 8.357462129378327997e-01 2.199216658359582927e-03 1.551184488132148519e-04 7.685261069661577810e-04
2.938775510204081898e-01 4.000000000000000222e-01 2.583661347785073253e-02 6.528133621201006598e-01 8.624285989078674941e-01 2.998344603460821687e-03 1.794223088769130510e-04 8.864764404588204322e-04
2.979591836734694077e-01 4.000000000000000222e-01 -3.963658815030918214e-02 6.619165436692044935e-01 8.829324849157698107e-01 1.298608727141526385e-03 1.782940791566462011e-04 9.164580530851982243e-04
3.020408163265306256e-01 4.000000000000000222e-01 -2.227602946054935487e-02 6.729635829616092968e-01 9.068018490300997492e-01 2.253004222200179121e-03 1.967868236234107204e-04 1.069677502869080575e-03
3.061224489795918435e-01 4.000000000000000222e-01 -2.403012082207901454e-02 6.913391834445934414e-01 9.454351539845506913e-01 5.315495651975958406e-04 1.742201002873330668e-04 9.215001892771765160e-04
3.102040816326531170e-01 4.000000000000000222e-01 -6.899746533742528998e-02 7.010129981326522763e-01 9.674165804048321382e-01 3.229158436126279823e-03 2.345583741321445896e-04 1.213447112189819594e-03
3.142857142857142794e-01 4.000000000000000222e-01 -7.427927384864375926e-02 7.143109278524538697e-01 9.955244510135095037e-01 2.661149670582218900e-03 2.202233436599900006e-04 1.269233565292946604e-03
3.183673469387755528e-01 4.000000000000000222e-01 -1.386780150005790524e-01 7.360957317950271861e-01 1.043976974322072371e+00 5.500178723378444049e-04 3.185880186860729998e-04 1.705820764880675326e-03
3.224489795918367707e-01 4.000000000000000222e-01 -1.107118097409825197e-01 7.506403940176190615e-01 1.076128632887613845e+00 1.081514028801544916e-03 2.685644444392221858e-04 1.469688447596576367e-03
3.265306122448979886e-01 4.000000000000000222e-01 3.493291931319366522e-02 7.772629420430384739e-01 1.134434810314355779e+00 2.397015206771697157e-03 3.133557930741845280e-04 1.773399590219139560e-03
3.306122448979592066e-01 4.000000000000000222e-01 -9.204707078453137773e-04 8.023685433881651008e-01 1.192547604835476616e+00 6.259916009087650689e-03 1.960837050530799376e-04 1.259441001392457146e-03
3.346938775510204245e-01 4.000000000000000222e-01 -1.015492633023156593e-01 8.301884464205404601e-01 1.255934634974201547e+00 2.905171676918413479e-03 3.647215954910198641e-04 2.206106905585261940e-03
3.387755102040816424e-01 4.000000000000000222e-01 -1.464686097692032563e-01 8.676850910361292302e-01 1.340989774164925930e+00 2.260594529629786527e-03 3.504585365148862809e-04 2.038346731544026218e-03
3.428571428571428603e-01 4.000000000000000222e-01 -2.969989525205783409e-01 9.228856483786370690e-01 1.468392978452464526e+00 2.195534201796838641e-03 4.969886518841505748e-04 3.057644864179997948e-03
3.469387755102041337e-01 4.000000000000000222e-01 -2.854997600845269323e-01 9.498850423822745581e-01 1.533234572918281025e+00 4.658824277720200456e-04 4.521723650199562980e-04 2.888149035820570046e-03
3.510204081632652962e-01 4.000000000000000222e-01 -4.066536800485097691e-01 9.905502169683413349e-01 1.630152156351938997e+00 1.012193470888942412e-03 2.852064965416487605e-04 2.007165129882899565e-03
3.551020408163265696e-01 4.000000000000000222e-01 -6.834344773758073144e-01 1.056293639656135763e+00 1.786608690394459353e+00 2.681436466143492011e-03 4.011637947639584830e-04 2.817009130061524144e-03
3.591836734693877875e-01 4.000000000000000222e-01 -8.715875034283724343e-01 1.107976074817939693e+00 1.915950656106167660e+00 8.365365142502563392e-04 5.062403860894319416e-04 3.675703218955785577e-03
3.632653061224490054e-01 4.000000000000000222e-01 -9.185076176768544043e-01 1.141965951500454768e+00 1.998535519045186781e+00 2.727230430522611352e-04 3.814898035609355035e-04 3.030114643428679245e-03
3.673469387755102233e-01 4.000000000000000222e-01 -9.578727264788341467e-01 1.188533296932373862e+00 2.117348720816124352e+00 2.044687792389963217e-04 3.529517207963249730e-04 2.741849188580496033e-03
3.714285714285714413e-01 4.000000000000000222e-01 -9.737484908449670629e-01 1.212554142402163970e+00 2.183055161122438914e+00 1.978340586368556285e-04 4.152654959082621570e-04 3.312266356511339889e-03
3.755102040816327147e-01 4.000000000000000222e-01 -1.004948863840856133e+00 1.253425915527349055e+00 2.289689067901054642e+00 2.119579685449035980e-04 4.882822797901081131e-04 4.090158927388625951e-03
3.795918367346938771e-01 4.000000000000000222e-01 -1.021948468511467922e+00 1.279261709713207074e+00 2.361602227330409587e+00 1.869416105396067571e-04 4.377137481464456214e-04 3.669649825047218133e-03
3.836734693877551505e-01 4.000000000000000222e-01 -1.041835261971678195e+00 1.311192913421242778e+00 2.451339270140506787e+00 1.171716796367573205e-04 3.273480642679079278e-04 3.152068601047696046e-03
3.877551020408163684e-01 4.000000000000000222e-01 -1.059114372752843591e+00 1.338138193263290088e+00 2.528093408767648320e+00 1.714270909250957509e-04 4.634028075175909006e-04 4.149947656410998657e-03
3.918367346938775864e-01 4.000000000000000222e-01 -1.075724149592323764e+00 1.365845180390537372e+00 2.607189395088551631e+00 1.051255397954310174e-04 3.258168225391205137e-04 3.205587457701911287e-03
3.959183673469388043e-01 4.000000000000000222e-01 -1.094938714334696028e+00 1.398642975689417201e+00 2.701611836422694424e+00 1.108608272674539274e-04 3.333842808287647481e-04 3.302577636917437311e-03
4.000000000000000222e-01 4.000000000000000222e-01 -1.111190686179024834e+00 1.429318149707204055e+00 2.792837597115910508e+00 1.161601994429960666e-04 3.965279610251286509e-04 4.099120309063484374e-03
