2.000000000000000111e-01 2.000000000000000111e-01 -4.461690108966627315e-03 5.283783221842572875e-01 6.750783864280650581e-01 4.139553855842542803e-04 1.194013706512499174e-04 6.626930640377974233e-04
2.040816326530612290e-01 2.000000000000000111e-01 1.870868997166900028e-04 5.342334995623018168e-01 6.869451531473417250e-01 4.056558395513532879e-04 1.054278915157577613e-04 6.893726087886603788e-04
2.081632653061224469e-01 2.000000000000000111e-01 -5.835434056099118860e-03 5.372790696926679210e-01 6.931053054401696834e-01 3.486281097923446190e-04 1.123659083276820034e-04 6.632138190241548738e-04
2.122448979591836926e-01 2.000000000000000111e-01 6.490245342219606341e-03 5.408436034389503266e-01 7.023848049669737525e-01 3.826684908594758035e-04 1.144364803020422113e-04 7.134985892097661739e-04
2.163265306122449105e-01 2.000000000000000111e-01 1.081098093175059810e-02 5.462927205186293156e-01 7.139014665835471396e-01 7.935673005397594340e-04 1.179164861604641544e-04 7.215554830142763883e-04
2.204081632653061285e-01 2.000000000000000111e-01 -5.132446017269292476e-03 5.508631266740721122e-01 7.248527025653153100e-01 1.214688657145753621e-03 1.205486785495229378e-04 7.479424485042738971e-04
2.244897959183673741e-01 2.000000000000000111e-01 -8.275261470453161572e-03 5.568616830626502701e-01 7.378894589658502312e-01 3.376160455603574627e-04 1.096159958588706546e-04 6.528334083899418883e-04
2.285714285714285920e-01 2.000000000000000111e-01 -9.573810575236483753e-04 5.628540590275806776e-01 7.520344521074465716e-01 6.157208517473102081e-04 1.459613328842126068e-04 9.220259756864565776e-04
2.326530612244898100e-01 2.000000000000000111e-01 -4.305191868808494644e-03 5.663657402322580525e-01 7.591177316519747142e-01 6.154807951439650576e-04 1.243384846806268383e-04 8.154157568469550064e-04
2.367346938775510279e-01 2.000000000000000111e-01 1.494429829039566233e-02 5.731652620287379651e-01 7.765351502695767572e-01 9.884797022844721195e-04 1.388119224913592303e-04 8.353450869606733956e-04
2.408163265306122458e-01 2.000000000000000111e-01 -5.419585759695615644e-03 5.781916944547935699e-01 7.885007503129850548e-01 7.930980989460234684e-04 1.550155884617179585e-04 1.018805765274056379e-03
2.448979591836734915e-01 2.000000000000000111e-01 -3.990703586967196161e-03 5.842853114000595705e-01 8.013218830328151521e-01 5.827370233095354552e-04 1.351423025438385482e-04 8.385516838304519962e-04
2.489795918367347094e-01 2.000000000000000111e-01 -1.802515564598652226e-02 5.883620754799904207e-01 8.129552881674528830e-01 1.004802475196003809e-03 1.603912115330558181e-04 1.032992437317643191e-03
2.530612244897959551e-01 2.000000000000000111e-01 6.598357552901083431e-03 5.976530383733013041e-01 8.340421529368097220e-01 5.147510478072664245e-04 1.406605192745178604e-04 9.131919170854309710e-04
2.571428571428571730e-01 2.000000000000000111e-01 4.209641524181256811e-02 6.060830326119673872e-01 8.540055903272295579e-01 5.958586830913627707e-04 1.656101882285764785e-04 1.158195868329799224e-03
2.612244897959183909e-01 2.000000000000000111e-01 -1.013779178951892783e-02 6.165537190613116225e-01 8.792343279975084469e-01 6.326900018820182927e-04 1.685105762282742409e-04 1.226259508796846611e-03
2.653061224489796088e-01 2.000000000000000111e-01 2.701008589103975205e-03 6.215969333598202473e-01 8.898549492538737615e-01 4.524000624858186487e-04 1.967993292469767935e-04 1.234692083433053993e-03
2.693877551020408267e-01 2.000000000000000111e-01 2.451789374301866636e-03 6.339542264673316829e-01 9.208738676248811039e-01 1.610877221762888143e-03 2.118946553550134356e-04 1.527460902506490997e-03
2.734693877551020447e-01 2.000000000000000111e-01 1.349877270660245800e-02 6.460710020165731926e-01 9.498367608952503760e-01 1.190336388575321397e-03 2.187036297938953081e-04 1.563858020559668119e-03
2.775510204081632626e-01 2.000000000000000111e-01 -1.083422034842933430e-02 6.521195090335747402e-01 9.652115440309179117e-01 5.103118531914166596e-04 2.408208887738735502e-04 1.637147194455678377e-03
2.816326530612245360e-01 2.000000000000000111e-01 -5.310523753725861391e-03 6.681909032316333263e-01 1.005404915601218141e+00 5.290460439713634729e-04 2.052381489961066876e-04 1.525758606771859425e-03
2.857142857142856984e-01 2.000000000000000111e-01 3.623111552743094044e-02 6.804367123842974818e-01 1.034356709851619538e+00 1.805615110355351374e-03 2.322382628497977896e-04 1.863605860104591448e-03
2.897959183673469719e-01 2.000000000000000111e-01 1.783772299645204618e-02 7.020018821429031552e-01 1.087994772326748238e+00 6.498797406919381387e-04 2.341216646954385864e-04 1.684947184393319848e-03
2.938775510204081898e-01 2.000000000000000111e-01 -3.503860377989514996e-02 7.237461393245125940e-01 1.144724434519669654e+00 4.494901276549214449e-04 2.939425343136435674e-04 2.192095284657471447e-03
2.979591836734694077e-01 2.000000000000000111e-01 -3.170278592025255887e-02 7.395765125226566594e-01 1.186329279209405563e+00 3.046298953499522195e-03 3.162297697153437196e-04 2.428452242684312964e-03
3.020408163265306256e-01 2.000000000000000111e-01 -1.453903028942633499e-02 7.539445416635826014e-01 1.224704984742250202e+00 2.496252408609049827e-03 3.396558559941864619e-04 2.715426567087978089e-03
3.061224489795918435e-01 2.000000000000000111e-01 -4.608330239363190445e-02 7.812952536069061038e-01 1.297297470136950404e+00 1.871804993375710165e-03 4.477648166842635282e-04 3.639895878837295234e-03
3.102040816326531170e-01 2.000000000000000111e-01 -1.758959350274626465e-01 8.160489383672104857e-01 1.389871450873977565e+00 5.902582980869128726e-04 5.603569061624790642e-04 4.391874627370269055e-03
3.142857142857142794e-01 2.000000000000000111e-01 -5.486542291646894637e-02 8.738066503213456349e-01 1.543038957196168459e+00 4.230333060416276332e-03 1.107922933401646673e-03 8.590923602828520050e-03
3.183673469387755528e-01 2.000000000000000111e-01 -3.612209023576069128e-02 9.130695624622312545e-01 1.653379928210997551e+00 2.263798618796198335e-03 5.942426002635924466e-04 5.309212961860152943e-03
3.224489795918367707e-01 2.000000000000000111e-01 -1.733136663973457448e-01 9.599717550558461987e-01 1.784278085284651372e+00 8.276511006431247963e-04 4.637347332198060940e-04 4.128219165252739256e-03
3.265306122448979886e-01 2.000000000000000111e-01 -2.058123189563629829e-01 1.021757880147420083e+00 1.958002356814065648e+00 1.555040010398996923e-03 9.507582454276149782e-04 8.440837394535303378e-03
3.306122448979592066e-01 2.000000000000000111e-01 -3.732667664664405249e-01 1.078087363519549591e+00 2.123490954966368971e+00 7.777917343766336221e-04 4.547097553535746914e-04 5.250803677997847169e-03
3.346938775510204245e-01 2.000000000000000111e-01 -3.563134149166020670e-01 1.179343635371534527e+00 2.419803503630444830e+00 1.454775155495092879e-03 8.390598431059795260e-04 8.454696970129745026e-03
3.387755102040816424e-01 2.000000000000000111e-01 -3.496058548071419025e-01 1.243620256966226911e+00 2.613544511013604854e+00 6.376406388491811031e-04 1.054953480600043453e-03 1.107307744259245809e-02
3.428571428571428603e-01 2.000000000000000111e-01 -5.312008525395272018e-01 1.322792879050129988e+00 2.860032216555786544e+00 1.640097453362532277e-03 8.155739851455290563e-04 9.375763494672619339e-03
3.469387755102041337e-01 2.000000000000000111e-01 -7.031502674398245611e-01 1.398914575182791387e+00 3.105061556153065894e+00 1.111234566790735880e-03 5.948688698599335651e-04 7.588342681011227102e-03
3.510204081632652962e-01 2.000000000000000111e-01 -9.432270439375505244e-01 1.478432819321278346e+00 3.363895636049716309e+00 5.197918558789138815e-04 8.086945487378986459e-04 1.054296657455721167e-02
3.551020408163265696e-01 2.000000000000000111e-01 -1.131352047594134547e+00 1.569535886414969328e+00 3.658011728736896284e+00 3.004172586749388708e-04 8.083931618580786132e-04 1.069876189614397607e-02
3.591836734693877875e-01 2.000000000000000111e-01 -1.160193722612218092e+00 1.622260004349897589e+00 3.846107450970285058e+00 1.245648282635836634e-04 5.590451908733600709e-04 9.212391251914765419e-03
3.632653061224490054e-01 2.000000000000000111e-01 -1.192835312712660967e+00 1.684513471142632168e+00 4.066692647382965653e+00 2.059913021094953659e-04 7.254418872936562552e-04 1.054441748581316091e-02
3.673469387755102233e-01 2.000000000000000111e-01 -1.216901350377632918e+00 1.733604962089152046e+00 4.251798206178769135e+00 1.570607685712883353e-04 6.928568582833545932e-04 1.137729436122651358e-02
3.714285714285714413e-01 2.000000000000000111e-01 -1.238074836828058300e+00 1.780206586583404027e+00 4.434423568060807952e+00 2.562791199359685905e-04 9.444634329754057322e-04 1.404229452338674397e-02
3.755102040816327147e-01 2.000000000000000111e-01 -1.267276205324229466e+00 1.842325637567979291e+00 4.672658100302919060e+00 1.779573837242882830e-04 7.960196862205211853e-04 1.368105692627520978e-02
3.795918367346938771e-01 2.000000000000000111e-01 -1.292061840744157974e+00 1.894589676941164091e+00 4.876287737171050907e+00 1.668883979631008874e-04 7.789295674192008544e-04 1.283947316433554746e-02
3.836734693877551505e-01 2.000000000000000111e-01 -1.315415401763983416e+00 1.948080394349017919e+00 5.092535781398886741e+00 9.566016389883172399e-05 5.565739449698444384e-04 1.113776328674284839e-02
3.877551020408163684e-01 2.000000000000000111e-01 -1.332561162742077032e+00 1.990447308229412071e+00 5.275989818292786460e+00 1.106750902589201499e-04 6.662622487853662621e-04 1.427826445350682989e-02
3.918367346938775864e-01 2.000000000000000111e-01 -1.354967351152100985e+00 2.043336116875378750e+00 5.498333949685369149e+00 1.305645261773432384e-04 7.646649531112675044e-04 1.556140870058862410e-02
3.959183673469388043e-01 2.000000000000000111e-01 -1.377105599085081566e+00 2.096941220597884126e+00 5.726323377142829685e+00 1.013295317537387167e-04 6.467821998820879204e-04 1.408541768888130381e-02
4.000000000000000222e-01 2.000000000000000111e-01 -1.395971283138351504e+00 2.144145817119408104e+00 5.936838820412631001e+00 1.074406287539080300e-04 7.300117866859663976e-04 1.677046014479473615e-02
