2.000000000000000111e-01 5.000000000000000000e+00 -4.137431398203852972e-01 8.677634807548123552e-01 8.541088756615481392e-01 1.858981540041317005e-03 2.766227030577361764e-05 8.194223739109706426e-05
2.040816326530612290e-01 5.000000000000000000e+00 -2.136463440941870351e-01 8.662520573948295777e-01 8.517056663845078424e-01 1.451163003498183402e-03 2.769878605858576041e-05 8.292178215783642457e-05
2.081632653061224469e-01 5.000000000000000000e+00 -1.614545961241148908e-01 8.691018105389668458e-01 8.566695101929024947e-01 2.856146304294766955e-04 2.682973344716332813e-05 8.068436381267955586e-05
2.122448979591836926e-01 5.000000000000000000e+00 -1.272749242374835166e-01 8.679147659385618718e-01 8.545374860176924159e-01 3.766744413530086297e-04 2.536046187870266095e-05 7.547962815458742760e-05
2.163265306122449105e-01 5.000000000000000000e+00 -3.492775514752728769e-03 8.711878824461033455e-01 8.602431770727889671e-01 7.926573900244716193e-05 2.772998191021308582e-05 8.339335518564151113e-05
2.204081632653061285e-01 5.000000000000000000e+00 2.999696043543783469e-02 8.730896760277184754e-01 8.632317210482689518e-01 1.514677613953833925e-04 2.469011888467808168e-05 7.564660027659678111e-05
2.244897959183673741e-01 5.000000000000000000e+00 -1.538515116621529122e-02 8.762565051253590198e-01 8.688714754921800232e-01 7.078298417267914460e-05 2.608781316744505772e-05 8.001104483343453517e-05
2.285714285714285920e-01 5.000000000000000000e+00 -7.953294023081299013e-02 8.777268027657302296e-01 8.712752490911666037e-01 7.987326653691199311e-05 2.441683171866503756e-05 7.665643766647748790e-05
2.326530612244898100e-01 5.000000000000000000e+00 -9.537857328411523949e-02 8.822373299877179775e-01 8.789163771604120434e-01 2.391486705071084755e-04 2.607138946935819051e-05 7.999733916380348748e-05
2.367346938775510279e-01 5.000000000000000000e+00 -5.847889278442140737e-02 8.844663936986618680e-01 8.828425151853088737e-01 5.932862790428302356e-05 2.418497798071488211e-05 7.514848796756609987e-05
2.408163265306122458e-01 5.000000000000000000e+00 -1.012301308162376345e-01 8.866221830252497549e-01 8.864582058612099358e-01 3.603732993229153986e-04 2.632909750063645195e-05 8.132112781752349529e-05
2.448979591836734915e-01 5.000000000000000000e+00 -4.484335927594255283e-02 8.901449403395171878e-01 8.924784370773024555e-01 4.704918277234306683e-04 2.571863599788748952e-05 8.058372233504245839e-05
2.489795918367347094e-01 5.000000000000000000e+00 -4.978275684930109912e-02 8.922293907990599404e-01 8.959913828654021417e-01 1.290362241607017897e-04 2.560015600951510287e-05 7.985467717009377380e-05
2.530612244897959551e-01 5.000000000000000000e+00 -4.633421084704204829e-02 8.968793871265019479e-01 9.039156638948625533e-01 1.001373984287126775e-04 2.408345676937469359e-05 7.713215500100567557e-05
2.571428571428571730e-01 5.000000000000000000e+00 -2.000582324427687547e-02 9.008858523407785590e-01 9.107199495314953763e-01 4.124520105271432856e-05 2.557512691895945091e-05 8.313685202675302288e-05
2.612244897959183909e-01 5.000000000000000000e+00 -9.330092878397798842e-03 9.052740568322620307e-01 9.184665657814946593e-01 5.237706300149996911e-05 2.419841532109882613e-05 7.839052436929619383e-05
2.653061224489796088e-01 5.000000000000000000e+00 -6.451263824031983063e-02 9.072110680837153218e-01 9.217295201322551756e-01 1.550683370818991093e-04 2.479645201838398704e-05 8.014193574842539151e-05
2.693877551020408267e-01 5.000000000000000000e+00 -3.441869413152524176e-02 9.108110004077070165e-01 9.281260162217187526e-01 5.845017485581442554e-04 2.643897001629491158e-05 8.560269228753179609e-05
2.734693877551020447e-01 5.000000000000000000e+00 1.261474510049220149e-02 9.168848315523662196e-01 9.386444252084745754e-01 1.086634474675832093e-04 2.565018885054046765e-05 8.569480187592707840e-05
2.775510204081632626e-01 5.000000000000000000e+00 4.116617915920455645e-02 9.192051027377696748e-01 9.425334580640361004e-01 1.071901180656774420e-04 2.623426835121269737e-05 8.522583685562705696e-05
2.816326530612245360e-01 5.000000000000000000e+00 7.872801084998133636e-02 9.190095040072426835e-01 9.424549947937763683e-01 6.989731119832796142e-04 2.884288611604931388e-05 9.485480033954307591e-05
2.857142857142856984e-01 5.000000000000000000e+00 1.146189537198819830e-01 9.275979747863624114e-01 9.572794669422978187e-01 4.787793500644206524e-05 2.793183651795258106e-05 9.428134463283171336e-05
2.897959183673469719e-01 5.000000000000000000e+00 1.018614706030952222e-01 9.306250892779897033e-01 9.625437221891522954e-01 1.100218460006737267e-04 2.498269540937922626e-05 8.482764852088080221e-05
2.938775510204081898e-01 5.000000000000000000e+00 9.015170494081146957e-02 9.324634384562203726e-01 9.659870069489953082e-01 6.926160971391587067e-05 2.140124822899570184e-05 7.465020235337805721e-05
2.979591836734694077e-01 5.000000000000000000e+00 1.326061212505955933e-01 9.375987577478439583e-01 9.748011243961897110e-01 7.393901450642917763e-05 2.442102472306584119e-05 8.534048908026702789e-05
3.020408163265306256e-01 5.000000000000000000e+00 1.560741594516301678e-01 9.389055501640323209e-01 9.772313798132532536e-01 1.789441177469096073e-04 2.400035891881054282e-05 8.335600525203163108e-05
3.061224489795918435e-01 5.000000000000000000e+00 1.402410397333681835e-01 9.417665092825405759e-01 9.823501673177179594e-01 3.379714096245805052e-05 2.628549003610775446e-05 9.097155795967883291e-05
3.102040816326531170e-01 5.000000000000000000e+00 1.325458422974861161e-01 9.437606105647442511e-01 9.859667779317383696e-01 6.507023213103822637e-05 2.375761946611728724e-05 8.310566966651189783e-05
3.142857142857142794e-01 5.000000000000000000e+00 1.433423524037218122e-01 9.476741275434200640e-01 9.927214407206221836e-01 4.012682812157453052e-05 2.420743362419385756e-05 8.564352375638302429e-05
3.183673469387755528e-01 5.000000000000000000e+00 1.485648594592167138e-01 9.485124019495786429e-01 9.945243761311154396e-01 2.505892646071505446e-04 2.396766711422895641e-05 8.573739704484449435e-05
3.224489795918367707e-01 5.000000000000000000e+00 1.948522472637960468e-01 9.522858374824750838e-01 1.001299440760424320e+00 6.443345851714251922e-05 2.365237342175158922e-05 8.406500344016945700e-05
3.265306122448979886e-01 5.000000000000000000e+00 2.056956247667173499e-01 9.544304077981674572e-01 1.005329676234379521e+00 3.173013682879262956e-05 2.337279338701144925e-05 8.520966637739040548e-05
3.306122448979592066e-01 5.000000000000000000e+00 1.997345776306646004e-01 9.561977714979826848e-01 1.008462213647483674e+00 3.302884138497676940e-05 2.452469315265283004e-05 8.728277243566655882e-05
3.346938775510204245e-01 5.000000000000000000e+00 2.042267980331514410e-01 9.603290461152713675e-01 1.015826040462587398e+00 2.857709554057456434e-05 2.447142353252860134e-05 8.885008163520177716e-05
3.387755102040816424e-01 5.000000000000000000e+00 1.778658952634236956e-01 9.611082331674702939e-01 1.017261814872128634e+00 4.265774968251064784e-04 2.471625285876479186e-05 8.890667497376872320e-05
3.428571428571428603e-01 5.000000000000000000e+00 1.332290211600347385e-01 9.625945408090664790e-01 1.020132502242503403e+00 7.789791217420684495e-05 2.432943616608704667e-05 8.777081165684975776e-05
3.469387755102041337e-01 5.000000000000000000e+00 1.654987299807943735e-01 9.671740862104486469e-01 1.028259225037250646e+00 2.810525809213916846e-05 2.487907756770887509e-05 9.009955317744276901e-05
3.510204081632652962e-01 5.000000000000000000e+00 1.732944405974280455e-01 9.688069449517768827e-01 1.031470553581211869e+00 1.793626153580141729e-05 2.331143281578827283e-05 8.803859604146469214e-05
3.551020408163265696e-01 5.000000000000000000e+00 1.669082012585638153e-01 9.716956130391326552e-01 1.036788297235027079e+00 5.712004598909484497e-05 2.296776173736825280e-05 8.609169562743613276e-05
3.591836734693877875e-01 5.000000000000000000e+00 1.720471022750049428e-01 9.731955052874938783e-01 1.039619696491960177e+00 1.989081371779003599e-05 2.238127490872234414e-05 8.382231993831795638e-05
3.632653061224490054e-01 5.000000000000000000e+00 1.914339093138160974e-01 9.765344284882043757e-01 1.045508316898007051e+00 3.261490513905262718e-05 2.516065872962473427e-05 9.311064090971518648e-05
3.673469387755102233e-01 5.000000000000000000e+00 1.953909445057373795e-01 9.773194240873542826e-01 1.047377353275711798e+00 1.549223998871217459e-05 2.237639721958926297e-05 8.671601595396272080e-05
3.714285714285714413e-01 5.000000000000000000e+00 2.227117208454330033e-01 9.799345422078075130e-01 1.052204144501206251e+00 1.342205564883297000e-04 2.373699861543593955e-05 8.928569663429978946e-05
3.755102040816327147e-01 5.000000000000000000e+00 2.506709854474105104e-01 9.810859424053259836e-01 1.054388754849174381e+00 2.102144479405586996e-05 2.235752186517428363e-05 8.510430708834492331e-05
3.795918367346938771e-01 5.000000000000000000e+00 2.495405916106004374e-01 9.842483390455502024e-01 1.060163693340108182e+00 4.712973690579062895e-05 2.420094789487859860e-05 9.178442860519464422e-05
3.836734693877551505e-01 5.000000000000000000e+00 2.458347100616561365e-01 9.867466652160874485e-01 1.064834124181350816e+00 3.167360738513286418e-05 2.179629113358870561e-05 8.532365514208611217e-05
3.877551020408163684e-01 5.000000000000000000e+00 2.415407880665802198e-01 9.877443430624888165e-01 1.066864781769202741e+00 2.755761974240729246e-05 2.123720897009510726e-05 8.259790389253682328e-05
3.918367346938775864e-01 5.000000000000000000e+00 2.819637187688343594e-01 9.905824527675420876e-01 1.072179736715054732e+00 5.107995432791740076e-05 2.306651994995719676e-05 8.944262729097964644e-05
3.959183673469388043e-01 5.000000000000000000e+00 2.968165966348689233e-01 9.927230833271550869e-01 1.076283375440163503e+00 3.167452466282405255e-05 2.285370230066101235e-05 9.008185828542373749e-05
4.000000000000000222e-01 5.000000000000000000e+00 3.284037025465287307e-01 9.942789012015906813e-01 1.079289722590217826e+00 2.339914698564563033e-05 2.281319355233855131e-05 9.017412767527074055e-05
