2.000000000000000111e-01 5.000000000000000000e-01 -1.353627062101770166e-04 5.262364223307156585e-01 5.840821827790994014e-01 2.389192331363745793e-04 8.075152561014258153e-05 3.234880277359402029e-04
2.040816326530612290e-01 5.000000000000000000e-01 -8.451216710177658978e-03 5.299319393425414582e-01 5.910258233881047207e-01 5.041612388615607796e-04 7.969644453066145756e-05 3.297528500655503908e-04
2.081632653061224469e-01 5.000000000000000000e-01 1.624432550472132159e-03 5.313614246966320565e-01 5.939413075366852812e-01 3.002016227479557906e-04 8.868656182376177300e-05 3.599621868828250452e-04
2.122448979591836926e-01 5.000000000000000000e-01 2.867286225318541309e-03 5.345873449847996506e-01 5.998786577396817421e-01 2.912529479729468679e-04 8.350920385848380765e-05 3.309118983376417187e-04
2.163265306122449105e-01 5.000000000000000000e-01 1.704234507148824629e-02 5.398247508155108454e-01 6.091044408020453993e-01 3.762872128414036788e-04 8.022916203518252001e-05 3.414917349253244008e-04
2.204081632653061285e-01 5.000000000000000000e-01 -3.960159057293462931e-03 5.419620504304544228e-01 6.128008077697413292e-01 1.986491530596925397e-04 8.074218112595727098e-05 3.586477890153740565e-04
2.244897959183673741e-01 5.000000000000000000e-01 1.152323370390943326e-02 5.446420944571448430e-01 6.188646833204479725e-01 5.452873147315835537e-04 8.583077557124909240e-05 3.846736302916448666e-04
2.285714285714285920e-01 5.000000000000000000e-01 8.384678366742321851e-03 5.481311817995758728e-01 6.242361932825082338e-01 3.483970627315289745e-04 9.738693950464892915e-05 3.940131112371444652e-04
2.326530612244898100e-01 5.000000000000000000e-01 9.481838335166390547e-03 5.520654306093174535e-01 6.322794846191396312e-01 3.394358350527308665e-04 9.368835582485650587e-05 4.028518038466784258e-04
2.367346938775510279e-01 5.000000000000000000e-01 2.845943395029853964e-04 5.554950018430073744e-01 6.387192817062630201e-01 1.068694487600667332e-03 7.749213274935395869e-05 3.451723691659669283e-04
2.408163265306122458e-01 5.000000000000000000e-01 6.407389337393684485e-03 5.612916988317662170e-01 6.500396626588765825e-01 2.898348183774229476e-04 1.091962224479596727e-04 4.565076738338291057e-04
2.448979591836734915e-01 5.000000000000000000e-01 -1.349536069707596951e-02 5.669798063666641186e-01 6.607306271016135657e-01 4.200406186955180456e-04 1.013941373497886185e-04 4.295095374060499556e-04
2.489795918367347094e-01 5.000000000000000000e-01 1.893830452168784179e-02 5.718732931392550567e-01 6.696500941134341245e-01 3.275278158709050524e-04 1.064854116834345292e-04 4.724002607381357164e-04
2.530612244897959551e-01 5.000000000000000000e-01 3.892123072168928214e-04 5.735976096577409811e-01 6.732120107479532267e-01 6.802214481729627763e-04 1.082031828100282040e-04 4.638983194152005297e-04
2.571428571428571730e-01 5.000000000000000000e-01 1.876527493073068195e-02 5.794913642669141662e-01 6.844018361637358439e-01 1.320524218011286978e-03 1.167207519938962646e-04 5.007042077213787624e-04
2.612244897959183909e-01 5.000000000000000000e-01 -1.098216484275820956e-02 5.842088198544883593e-01 6.941120753876197647e-01 9.745039676957454114e-04 1.283258275206960531e-04 5.407779620526753607e-04
2.653061224489796088e-01 5.000000000000000000e-01 1.738821508344596395e-02 5.919799249426622723e-01 7.088602374647260396e-01 5.539307382419893537e-04 1.143548455859605417e-04 4.972780611041389791e-04
2.693877551020408267e-01 5.000000000000000000e-01 -1.842061930510042675e-02 5.952090702579819759e-01 7.150171292102207588e-01 1.262352056355495362e-03 1.242348152001832126e-04 5.227549362764297072e-04
2.734693877551020447e-01 5.000000000000000000e-01 1.618003667991058103e-02 6.040367845023346671e-01 7.323761402465452930e-01 1.518384712112148122e-03 1.150229744511967601e-04 4.877166994017318054e-04
2.775510204081632626e-01 5.000000000000000000e-01 9.081351729693917796e-03 6.118752723306603025e-01 7.465952352063710551e-01 8.959322601954761676e-04 1.239721234692141261e-04 5.445737158612098472e-04
2.816326530612245360e-01 5.000000000000000000e-01 7.869242670720377059e-03 6.157504843721058885e-01 7.550489058763210082e-01 9.897209901119606579e-04 1.323333106559301201e-04 5.870182327582544254e-04
2.857142857142856984e-01 5.000000000000000000e-01 -6.800420910312609743e-03 6.236572662075013929e-01 7.711889901036764750e-01 4.178315453300359208e-04 1.068469195774458065e-04 4.812116726789187498e-04
2.897959183673469719e-01 5.000000000000000000e-01 5.720297249193024430e-02 6.330475427074206962e-01 7.896323523688816293e-01 7.940002011699121096e-04 1.378664233999939094e-04 6.552612075133139053e-04
2.938775510204081898e-01 5.000000000000000000e-01 -9.933693318606148792e-03 6.438259869491449461e-01 8.110853120788071857e-01 9.914259829580662764e-04 1.612285602926234360e-04 7.679434549651317473e-04
2.979591836734694077e-01 5.000000000000000000e-01 1.040757378803123384e-02 6.470062254529369561e-01 8.187606881488729282e-01 4.994763201854856552e-04 1.253803367881901865e-04 5.701906939989769257e-04
3.020408163265306256e-01 5.000000000000000000e-01 6.189367788969575568e-02 6.596453316481081242e-01 8.436162689421710104e-01 2.739056710360036548e-03 1.775502360206335445e-04 8.323956135318863079e-04
3.061224489795918435e-01 5.000000000000000000e-01 2.537664486345827045e-02 6.717861538647291741e-01 8.671417463280546301e-01 1.699800310254591992e-03 2.155939000265668455e-04 1.002253281590987331e-03
3.102040816326531170e-01 5.000000000000000000e-01 8.521577900572090136e-02 6.890475882341416947e-01 9.038715296666307575e-01 1.111035108721335988e-03 1.598494034007269873e-04 7.728580553494447192e-04
3.142857142857142794e-01 5.000000000000000000e-01 4.191710351543470083e-03 6.989541809710262399e-01 9.230106288657756730e-01 4.609617545824003931e-03 1.960506365394370945e-04 9.418697502430733049e-04
3.183673469387755528e-01 5.000000000000000000e-01 5.063056624403341338e-02 7.069849437310300466e-01 9.409242060717075695e-01 1.201759656695337592e-03 2.250192412778508023e-04 1.076475954530221489e-03
3.224489795918367707e-01 5.000000000000000000e-01 -4.258713495128065712e-02 7.320113948118927016e-01 9.923690512914645767e-01 2.883651040209312538e-04 1.573289534003998965e-04 7.970147589498968212e-04
3.265306122448979886e-01 5.000000000000000000e-01 1.515914763677763955e-01 7.519852273753857563e-01 1.033952709017067040e+00 2.151657480683867672e-03 1.909653408165072033e-04 1.008344103031238916e-03
3.306122448979592066e-01 5.000000000000000000e-01 -3.685853860653342390e-02 7.627792454426248758e-01 1.057945505639676487e+00 9.926207748770714094e-04 1.652144110462493186e-04 9.270778096238970053e-04
3.346938775510204245e-01 5.000000000000000000e-01 -1.236662937305959137e-01 8.035794094212614924e-01 1.143794540294722495e+00 4.766101019467245542e-03 3.590798529939139417e-04 1.833730696826705491e-03
3.387755102040816424e-01 5.000000000000000000e-01 -3.026731657926152730e-01 8.405345118082822031e-01 1.222242476055764637e+00 1.020591981085712400e-03 2.592744934363646692e-04 1.539548475880422483e-03
3.428571428571428603e-01 5.000000000000000000e-01 -2.140107958097934859e-01 8.709310166554178334e-01 1.288593498986877028e+00 2.522756395895736463e-03 2.631757992172997491e-04 1.447235386560721858e-03
3.469387755102041337e-01 5.000000000000000000e-01 -9.730214106840977262e-02 8.984434994394734364e-01 1.350162565282070792e+00 1.194735863856358779e-03 3.488632987266278903e-04 1.992255433086016336e-03
3.510204081632652962e-01 5.000000000000000000e-01 -1.176851923369868873e-03 9.236471551324341167e-01 1.407162337669122687e+00 9.757988777122524309e-04 3.024903806767299786e-04 1.718074849527254956e-03
3.551020408163265696e-01 5.000000000000000000e-01 -2.085849903746325035e-02 9.584591289821572380e-01 1.484657094987204218e+00 1.140115872196141404e-03 4.309294823246253149e-04 2.478077636693928887e-03
3.591836734693877875e-01 5.000000000000000000e-01 -9.065625983317454617e-02 9.805154375230755726e-01 1.535640541287449201e+00 1.508480419828403789e-03 3.706502694212536280e-04 2.108910919466044833e-03
3.632653061224490054e-01 5.000000000000000000e-01 -5.899967363891236993e-02 1.013880178368159912e+00 1.613499517047307430e+00 6.830094585123886938e-04 3.016702909952286493e-04 1.921279844753521820e-03
3.673469387755102233e-01 5.000000000000000000e-01 1.968039507687848605e-02 1.042300159936641935e+00 1.680636319839124981e+00 2.976873054546005080e-04 2.518253326051411918e-04 1.755713450572904616e-03
3.714285714285714413e-01 5.000000000000000000e-01 3.054614083802940222e-02 1.062321959167029872e+00 1.728452816691947058e+00 2.311515005663786811e-04 3.303641781731364926e-04 2.297213816811776842e-03
3.755102040816327147e-01 5.000000000000000000e-01 1.769977215568719342e-01 1.094477869788420321e+00 1.803452172915348317e+00 1.578560765298381427e-03 2.965495873260496208e-04 2.113051772585684135e-03
3.795918367346938771e-01 5.000000000000000000e-01 2.035503810299147120e-01 1.116743913415794376e+00 1.860844143845542531e+00 3.705406866811043797e-04 2.622132454556052954e-04 1.886440579656098373e-03
3.836734693877551505e-01 5.000000000000000000e-01 3.293296010690187625e-01 1.138971065722359066e+00 1.916418131487430676e+00 1.495581853455970993e-03 2.402626906675589091e-04 1.784489747921429214e-03
3.877551020408163684e-01 5.000000000000000000e-01 3.166814345303750056e-01 1.163604285520266624e+00 1.978385653924934484e+00 2.846529452826860413e-04 3.335940236275516751e-04 2.461980885677749788e-03
3.918367346938775864e-01 5.000000000000000000e-01 3.946810345136332332e-01 1.190973857645421852e+00 2.047134379078040300e+00 4.197290876536381244e-04 3.036658975255261770e-04 2.388111240703745183e-03
3.959183673469388043e-01 5.000000000000000000e-01 4.394315117787063185e-01 1.211897906844466632e+00 2.102781203612752670e+00 2.138434994471048408e-04 2.791807256793441103e-04 2.118283149495726447e-03
4.000000000000000222e-01 5.000000000000000000e-01 5.021810037095472135e-01 1.233242666078292249e+00 2.160481748309168726e+00 6.472407044372739107e-04 2.627674571765688596e-04 2.129054876567031216e-03
