2.000000000000000111e-01 7.000000000000000000e+00 1.558879027272435380e-01 9.224404138097621608e-01 9.171988187051715036e-01 1.001679546000004245e-04 1.754394594549336787e-05 5.800149063053195906e-05
2.040816326530612290e-01 7.000000000000000000e+00 1.482896059406043077e-01 9.178180761014593791e-01 9.091973803115999120e-01 1.053848576323214355e-04 1.732263254831625825e-05 5.634808264124094036e-05
2.081632653061224469e-01 7.000000000000000000e+00 1.130652392170030662e-01 9.178084451757334561e-01 9.091534320290433069e-01 2.774797370620334406e-05 1.674913992882109877e-05 5.411551346711599304e-05
2.122448979591836926e-01 7.000000000000000000e+00 9.373993879112176020e-02 9.179530470879544435e-01 9.094964055303047523e-01 4.100095865098345930e-05 1.578458362674947776e-05 5.181392501395319113e-05
2.163265306122449105e-01 7.000000000000000000e+00 6.316894050025580187e-02 9.186131924429029594e-01 9.107422828086623179e-01 9.925477386525694576e-05 1.493946831691831640e-05 4.955866233531434304e-05
2.204081632653061285e-01 7.000000000000000000e+00 1.007817084649717254e-01 9.198130169593636829e-01 9.128616480650147968e-01 9.150981842379665027e-05 1.684956972400897122e-05 5.515833134480776817e-05
2.244897959183673741e-01 7.000000000000000000e+00 9.706695518761151997e-02 9.218525506443211448e-01 9.164153598013812241e-01 4.977028892006310544e-05 1.586958270454997299e-05 5.309250059292558416e-05
2.285714285714285920e-01 7.000000000000000000e+00 7.045422625912206582e-02 9.224073030664030615e-01 9.174983593552132888e-01 4.143286644649198618e-05 1.584696876808178046e-05 5.265292816368354214e-05
2.326530612244898100e-01 7.000000000000000000e+00 1.131150790629590758e-01 9.239508923204049484e-01 9.202974810088758728e-01 3.282749201551486717e-05 1.610932223424662132e-05 5.391440672992463490e-05
2.367346938775510279e-01 7.000000000000000000e+00 1.046486457753431909e-01 9.257137313066934325e-01 9.235764928583958255e-01 2.693608839895122558e-05 1.549955612339734483e-05 5.096047916040544504e-05
2.408163265306122458e-01 7.000000000000000000e+00 1.113528498023660385e-01 9.275210990709340519e-01 9.267013137667123868e-01 8.092324313549895489e-05 1.647532890003268770e-05 5.471512241981041396e-05
2.448979591836734915e-01 7.000000000000000000e+00 1.088908360519795226e-01 9.291020727330616680e-01 9.295947719399089149e-01 2.728000310282080896e-05 1.614276438686723726e-05 5.377904559788587420e-05
2.489795918367347094e-01 7.000000000000000000e+00 9.202443441982106898e-02 9.319732249823420300e-01 9.346261531104536058e-01 9.374901917968865301e-05 1.565191654092764283e-05 5.261564844986604518e-05
2.530612244897959551e-01 7.000000000000000000e+00 8.657522954722604580e-02 9.330367299487983823e-01 9.366576563724129389e-01 1.509433971848660426e-05 1.568735490151234368e-05 5.336769893478444438e-05
2.571428571428571730e-01 7.000000000000000000e+00 8.447524472544863661e-02 9.363310030622882252e-01 9.425461393320089254e-01 2.297010173814091732e-05 1.546385621689498588e-05 5.299864565897930102e-05
2.612244897959183909e-01 7.000000000000000000e+00 6.688213480284095624e-02 9.378883694140178751e-01 9.453123471071330775e-01 3.208723795882778568e-05 1.584343008493162112e-05 5.475727964008932118e-05
2.653061224489796088e-01 7.000000000000000000e+00 5.400645666465185568e-02 9.404542860244659019e-01 9.499269069542537469e-01 8.217396412308572992e-05 1.632461599823323831e-05 5.623087193814058147e-05
2.693877551020408267e-01 7.000000000000000000e+00 4.414062740263089563e-02 9.424169198493010935e-01 9.535983555440450399e-01 1.556170832166805195e-05 1.586093823417387261e-05 5.483091764605222584e-05
2.734693877551020447e-01 7.000000000000000000e+00 4.805893906703206236e-02 9.443741074584373063e-01 9.572097948578613957e-01 3.604126606455489184e-05 1.543355182137787110e-05 5.384305736393473472e-05
2.775510204081632626e-01 7.000000000000000000e+00 3.783824713440279985e-02 9.485471099584427135e-01 9.646117261665403397e-01 2.311437881937364197e-05 1.539404031291920357e-05 5.396211232965968254e-05
2.816326530612245360e-01 7.000000000000000000e+00 6.896453803942917404e-02 9.495410991272618118e-01 9.665824418617871006e-01 7.254803626768323050e-05 1.557378250373726725e-05 5.425985292654661414e-05
2.857142857142856984e-01 7.000000000000000000e+00 9.553262642125133486e-02 9.515078014459031897e-01 9.701513379936139714e-01 4.283775728028275579e-05 1.565603293877934268e-05 5.494889858374819825e-05
2.897959183673469719e-01 7.000000000000000000e+00 1.200028173991348063e-01 9.537231783478248293e-01 9.741314134086244136e-01 5.618931038377658279e-05 1.583215388251019251e-05 5.485996106448346620e-05
2.938775510204081898e-01 7.000000000000000000e+00 1.086577108572003708e-01 9.549831510358026687e-01 9.765025587989831779e-01 1.126885506451422889e-05 1.483864523185636553e-05 5.263872912005407317e-05
2.979591836734694077e-01 7.000000000000000000e+00 1.214155192204772055e-01 9.585475993853745935e-01 9.829766063244004259e-01 1.822521859887229944e-05 1.523430846649358811e-05 5.358590473479953910e-05
3.020408163265306256e-01 7.000000000000000000e+00 1.183648142832357669e-01 9.586310189199189757e-01 9.832408369661798098e-01 1.317781784945407331e-05 1.562416163023593361e-05 5.534792540628293863e-05
3.061224489795918435e-01 7.000000000000000000e+00 1.264585787566708808e-01 9.600614649084685537e-01 9.858783350833597581e-01 3.457756449722688052e-05 1.541298007922620853e-05 5.501511677595382336e-05
3.102040816326531170e-01 7.000000000000000000e+00 1.187664086013173748e-01 9.610073746966308894e-01 9.877043741175161040e-01 1.465437478683286087e-05 1.460285015220631181e-05 5.277214233000384382e-05
3.142857142857142794e-01 7.000000000000000000e+00 1.343716577224368935e-01 9.638309279195007573e-01 9.928929282414832302e-01 5.919282634484029736e-05 1.462239771731561553e-05 5.283707071002732023e-05
3.183673469387755528e-01 7.000000000000000000e+00 1.555001362246986318e-01 9.655516471197466144e-01 9.960902687613150119e-01 1.490410261422121590e-05 1.516949955254929859e-05 5.546237936109069632e-05
3.224489795918367707e-01 7.000000000000000000e+00 1.519363414412656377e-01 9.666828037109982397e-01 9.982338592359827345e-01 2.355590221617921825e-05 1.613699568251312922e-05 5.864368356959573077e-05
3.265306122448979886e-01 7.000000000000000000e+00 1.535597948921127165e-01 9.685864324205720743e-01 1.001778422099893318e+00 1.103032621097602514e-05 1.562395468368426866e-05 5.655447083918566808e-05
3.306122448979592066e-01 7.000000000000000000e+00 1.361421705336104404e-01 9.706939783640337049e-01 1.005631184827462388e+00 1.674936776857927743e-05 1.501687189668981587e-05 5.537063541921035851e-05
3.346938775510204245e-01 7.000000000000000000e+00 1.442684140211926702e-01 9.729738934291736197e-01 1.009892752405259664e+00 1.356726456542311476e-05 1.580712229908457574e-05 5.776166547733373229e-05
3.387755102040816424e-01 7.000000000000000000e+00 1.545255617247141278e-01 9.737190554076516902e-01 1.011348177993262487e+00 4.331140263653164519e-05 1.522448757923439989e-05 5.666871586555540576e-05
3.428571428571428603e-01 7.000000000000000000e+00 1.533211850555133982e-01 9.756438090482246750e-01 1.014941364386159561e+00 1.185904061422101422e-05 1.545304164211367285e-05 5.626377540806773772e-05
3.469387755102041337e-01 7.000000000000000000e+00 1.446084781642515416e-01 9.770223669125005506e-01 1.017650852432174347e+00 2.380776908912173826e-05 1.491216372059631017e-05 5.597968355111332254e-05
3.510204081632652962e-01 7.000000000000000000e+00 1.410342419640086276e-01 9.796577545178779545e-01 1.022454083204538344e+00 1.414277495789025284e-05 1.439538039775560273e-05 5.378674389469302006e-05
3.551020408163265696e-01 7.000000000000000000e+00 1.436100686978239171e-01 9.800301239118019980e-01 1.023248654988037742e+00 1.074520219252843459e-05 1.538393795606517436e-05 5.770375900403398005e-05
3.591836734693877875e-01 7.000000000000000000e+00 1.400668017503713392e-01 9.825287050578159764e-01 1.027909052402308454e+00 1.862744892444021040e-05 1.436085195609855886e-05 5.455777770155824212e-05
3.632653061224490054e-01 7.000000000000000000e+00 1.311073761061416487e-01 9.841727704844522862e-01 1.030973920928319743e+00 2.575835500442758433e-05 1.428957034685864254e-05 5.424895922052739580e-05
3.673469387755102233e-01 7.000000000000000000e+00 1.376168315549698429e-01 9.851431375780114186e-01 1.032922140862825744e+00 1.275930401058816009e-05 1.540810274345807819e-05 5.872559537340162560e-05
3.714285714285714413e-01 7.000000000000000000e+00 1.170057041153633043e-01 9.866961539604192089e-01 1.035843287059919682e+00 1.700354412303883476e-05 1.526170655855989153e-05 5.795167711082591946e-05
3.755102040816327147e-01 7.000000000000000000e+00 1.049302619733222669e-01 9.874816889690866129e-01 1.037398042336201032e+00 7.237394984591824420e-06 1.473650823119279673e-05 5.549483313571865894e-05
3.795918367346938771e-01 7.000000000000000000e+00 1.094273244325698613e-01 9.887866070169855082e-01 1.039909120653737862e+00 7.638014599095988832e-06 1.445254992511467371e-05 5.565911936799202982e-05
3.836734693877551505e-01 7.000000000000000000e+00 1.175494536131003742e-01 9.896776809420997356e-01 1.041724746963141879e+00 1.047367479634088315e-05 1.521021778775460716e-05 5.801515434354400763e-05
3.877551020408163684e-01 7.000000000000000000e+00 1.192964370112920974e-01 9.911690545374809425e-01 1.044551913029020618e+00 2.937121246497390536e-05 1.485337602011851325e-05 5.698623908706713329e-05
3.918367346938775864e-01 7.000000000000000000e+00 1.132425464647494190e-01 9.924608418507862018e-01 1.047094838941623696e+00 9.942198152907060838e-06 1.442743629963578271e-05 5.568514582609502764e-05
3.959183673469388043e-01 7.000000000000000000e+00 1.241906093749691742e-01 9.942658702128328585e-01 1.050497519945525760e+00 1.604266022067829197e-05 1.488226371939833165e-05 5.719719233876645651e-05
4.000000000000000222e-01 7.000000000000000000e+00 1.249195932801810405e-01 9.958062971659273899e-01 1.053407216683457159e+00 2.125367556337581399e-05 1.472696580961178283e-05 5.756092755882993302e-05
