2.000000000000000111e-01 8.000000000000000444e-01 -2.642485672482821680e-04 5.494688476558721169e-01 5.764322786789887187e-01 3.222378416554072186e-04 8.170853860641241111e-05 2.577873693349750825e-04
2.040816326530612290e-01 8.000000000000000444e-01 5.580892988102807532e-03 5.508429060190918047e-01 5.791968624766002938e-01 6.863409169926571731e-04 8.830138152444617114e-05 2.894385262572677329e-04
2.081632653061224469e-01 8.000000000000000444e-01 -7.311287444041751800e-03 5.537747939820941712e-01 5.838619205017288039e-01 4.338754943533668518e-04 8.952059962897566047e-05 2.794388074359962820e-04
2.122448979591836926e-01 8.000000000000000444e-01 3.907627862898616598e-03 5.571843901952866496e-01 5.896041431840338687e-01 3.223656921563719524e-04 8.872028429935669813e-05 2.844828338508241820e-04
2.163265306122449105e-01 8.000000000000000444e-01 6.781112353873427687e-03 5.576029497486714170e-01 5.909531328444731502e-01 2.744430155321595714e-04 7.537479933855361345e-05 2.603324600599859844e-04
2.204081632653061285e-01 8.000000000000000444e-01 -1.068574643909284486e-02 5.637431049234264968e-01 6.007547016496677106e-01 3.962736240881901354e-04 7.358471655591394811e-05 2.537331023921001881e-04
2.244897959183673741e-01 8.000000000000000444e-01 1.690539461433319610e-02 5.660954207557895579e-01 6.046424347785058773e-01 3.744839173177244920e-04 8.792209519997751558e-05 2.970953782055728038e-04
2.285714285714285920e-01 8.000000000000000444e-01 1.448128548592450028e-03 5.714708718007583954e-01 6.136715175242536402e-01 5.210995063399994623e-04 8.816035638348242707e-05 2.974456601715229397e-04
2.326530612244898100e-01 8.000000000000000444e-01 1.097932872492784692e-02 5.725698000210551752e-01 6.163040644237253174e-01 4.612525989349958318e-04 8.100715829184605341e-05 2.789055729658303532e-04
2.367346938775510279e-01 8.000000000000000444e-01 7.192399635039763324e-03 5.768188739786843655e-01 6.231715427250286155e-01 3.442151519001705393e-04 7.979500802424065935e-05 2.693975402054377241e-04
2.408163265306122458e-01 8.000000000000000444e-01 -1.829246235226519163e-02 5.816321175126265564e-01 6.321563643389170872e-01 9.400757270885073090e-04 6.715861591243782827e-05 2.444469453581409415e-04
2.448979591836734915e-01 8.000000000000000444e-01 -3.605134281037081917e-03 5.848939837650953821e-01 6.375629727341355357e-01 1.249262807166684518e-03 8.316023162929504602e-05 2.797875204796849416e-04
2.489795918367347094e-01 8.000000000000000444e-01 2.175455636098408418e-02 5.881081757306245716e-01 6.439002597401540795e-01 5.261506668392425387e-04 9.577637620489930388e-05 3.335741466794479946e-04
2.530612244897959551e-01 8.000000000000000444e-01 7.688191296499762711e-03 5.905678272352894442e-01 6.480690547690305392e-01 5.026345677638252791e-04 9.013521458320236613e-05 3.216965757513043302e-04
2.571428571428571730e-01 8.000000000000000444e-01 2.567723995667979108e-03 5.971253108778264984e-01 6.593281061440026125e-01 7.708341342883621950e-04 9.297316884879646846e-05 3.316587294684570763e-04
2.612244897959183909e-01 8.000000000000000444e-01 -2.252429726201454416e-02 6.031008923073042371e-01 6.695316321375940349e-01 1.264074522435647274e-03 7.904171917435197890e-05 2.931312385130723256e-04
2.653061224489796088e-01 8.000000000000000444e-01 5.372343257886699752e-03 6.074047642055178109e-01 6.773694778039252018e-01 5.451658068233697406e-04 8.832130636440390834e-05 3.185603639775209874e-04
2.693877551020408267e-01 8.000000000000000444e-01 -3.514579134741752098e-02 6.112177209732684302e-01 6.840477429070713766e-01 5.056026155906758347e-04 9.271591720679255456e-05 3.331417092868724683e-04
2.734693877551020447e-01 8.000000000000000444e-01 -2.516514202340830453e-02 6.183397723333915463e-01 6.962393062653183806e-01 8.981276831842500323e-04 1.018530458755324331e-04 3.643424228306672646e-04
2.775510204081632626e-01 8.000000000000000444e-01 1.043089321965608857e-02 6.222501531711799316e-01 7.041979935834972171e-01 7.543778035016820505e-04 1.205486290083887627e-04 4.167665911017297384e-04
2.816326530612245360e-01 8.000000000000000444e-01 -5.148894141130520678e-03 6.291490293732951988e-01 7.153923436150685378e-01 1.568169211283572785e-03 1.073120426570552344e-04 3.906753794846874305e-04
2.857142857142856984e-01 8.000000000000000444e-01 -3.718495955005582908e-03 6.346478599842428903e-01 7.263529352031079522e-01 1.348852267845349843e-03 1.105237929064299793e-04 4.089399977993944690e-04
2.897959183673469719e-01 8.000000000000000444e-01 2.259048887192066299e-02 6.435532635891558773e-01 7.420757495502109391e-01 2.338757643207074743e-03 1.174839308041840684e-04 4.433664178378595778e-04
2.938775510204081898e-01 8.000000000000000444e-01 -9.420458346519959905e-03 6.516777980817286542e-01 7.564905495700605664e-01 7.544581032431651622e-04 9.760508131243058238e-05 3.730472435797315203e-04
2.979591836734694077e-01 8.000000000000000444e-01 2.937476509882123304e-02 6.595290577633485807e-01 7.706056767924724937e-01 3.342296653046293066e-03 1.215865624285195534e-04 4.595089569971203491e-04
3.020408163265306256e-01 8.000000000000000444e-01 2.127804879641167699e-02 6.661338136333279092e-01 7.835112278726462653e-01 1.106275858903568374e-03 1.299869366697657962e-04 5.083484064284136484e-04
3.061224489795918435e-01 8.000000000000000444e-01 -7.416504256793540403e-03 6.765888729813220870e-01 8.024084472885604225e-01 3.952980645004400620e-03 1.533415075853709864e-04 5.617734313680672461e-04
3.102040816326531170e-01 8.000000000000000444e-01 1.599711198250451660e-02 6.801681259540727220e-01 8.099162726889779229e-01 6.127034129220837108e-04 1.185609478930678602e-04 4.783480958882081486e-04
3.142857142857142794e-01 8.000000000000000444e-01 4.228124795556346960e-02 6.957806285227630116e-01 8.377708097589610103e-01 3.596527861994399441e-03 1.125072902370346134e-04 4.714306878107154511e-04
3.183673469387755528e-01 8.000000000000000444e-01 -1.512124862825017964e-02 7.128922620584549064e-01 8.704736824633940717e-01 1.552704880733818578e-03 1.473786972481891822e-04 6.156847140116984219e-04
3.224489795918367707e-01 8.000000000000000444e-01 -8.139245315394155744e-02 7.259148698404921385e-01 8.947142560084566654e-01 2.082203982495369702e-03 1.773320005504944261e-04 7.259977500815775059e-04
3.265306122448979886e-01 8.000000000000000444e-01 1.543141455276854715e-02 7.349950045018813771e-01 9.118278725218258440e-01 6.868708712115015021e-04 1.835861834660546996e-04 7.266135420946984256e-04
3.306122448979592066e-01 8.000000000000000444e-01 4.831443368738644328e-02 7.483393439830742233e-01 9.370389285198682527e-01 2.357471765807071708e-03 2.149758476088330366e-04 8.513832432135078629e-04
3.346938775510204245e-01 8.000000000000000444e-01 1.790092315402249945e-01 7.810839900540750280e-01 9.985067647193107687e-01 1.032811454969077402e-03 1.558800643307182477e-04 7.131616106758592978e-04
3.387755102040816424e-01 8.000000000000000444e-01 2.150885392915779515e-01 7.962104517126873393e-01 1.028471251298029854e+00 1.089788479784019543e-03 2.591662970764017459e-04 1.036663351414286510e-03
3.428571428571428603e-01 8.000000000000000444e-01 2.051630238412223139e-01 8.139227258657895092e-01 1.062839335096934068e+00 1.408303392706767351e-03 1.581937245137753035e-04 7.375258795028089573e-04
3.469387755102041337e-01 8.000000000000000444e-01 2.309048140248946279e-01 8.453586132839336909e-01 1.123106496120487741e+00 6.615677925875018727e-04 1.809173517888802013e-04 8.202389082575161153e-04
3.510204081632652962e-01 8.000000000000000444e-01 1.207762073172769790e-01 8.566646530000509019e-01 1.146270922395432601e+00 1.467255419956289353e-03 2.038700722151188247e-04 9.266258546013205226e-04
3.551020408163265696e-01 8.000000000000000444e-01 2.276717770134928653e-01 8.804434162681378240e-01 1.192970802124536656e+00 4.251366433533440179e-04 2.489766120970996052e-04 1.170595176382505575e-03
3.591836734693877875e-01 8.000000000000000444e-01 4.519987129185830121e-01 9.063681481442710242e-01 1.244623241884255105e+00 1.279386956971668337e-03 1.861314938410653960e-04 9.052550477307018699e-04
3.632653061224490054e-01 8.000000000000000444e-01 6.244616607654911444e-01 9.357927714167548761e-01 1.303664311808292453e+00 6.194762185283341979e-04 1.996202808487917491e-04 9.845994686669748679e-04
3.673469387755102233e-01 8.000000000000000444e-01 7.175218017801359149e-01 9.572047734890013482e-01 1.347954937264946640e+00 3.163415911502979691e-04 1.820829340547982112e-04 9.674634043304715597e-04
3.714285714285714413e-01 8.000000000000000444e-01 8.693732527558777345e-01 9.988484304638893807e-01 1.431862395189579695e+00 2.228628718200156161e-04 1.770975860063495673e-04 9.407975287365227162e-04
3.755102040816327147e-01 8.000000000000000444e-01 8.852440602220172927e-01 1.015063620699489633e+00 1.466563587116040734e+00 7.583496176536485092e-05 1.442393628796455481e-04 8.487201989858461030e-04
3.795918367346938771e-01 8.000000000000000444e-01 8.998296689014250171e-01 1.031679232240819033e+00 1.502961123173210511e+00 1.164284284597918062e-04 1.850788488371910533e-04 1.033936620058137487e-03
3.836734693877551505e-01 8.000000000000000444e-01 9.219710619437557764e-01 1.053140331736831747e+00 1.547956623351897765e+00 1.193150854540722363e-04 2.182212188798106757e-04 1.215599689745879269e-03
3.877551020408163684e-01 8.000000000000000444e-01 9.354339644764906314e-01 1.068506649833676159e+00 1.581939247551075844e+00 1.429254257671957150e-04 2.248024999458990176e-04 1.251262892558584064e-03
3.918367346938775864e-01 8.000000000000000444e-01 9.381477789703042136e-01 1.079550913275089785e+00 1.607369908920894153e+00 1.305601951157874831e-04 2.015080112989675219e-04 1.195351113697112585e-03
3.959183673469388043e-01 8.000000000000000444e-01 9.569483418975168743e-01 1.098796750876262607e+00 1.650567404765696411e+00 1.225190758525645965e-04 2.084116916989702168e-04 1.221035336685638876e-03
4.000000000000000222e-01 8.000000000000000444e-01 9.671385491895322373e-01 1.112120029661164633e+00 1.679808196800289144e+00 8.507914637974426644e-05 1.799862948972907309e-04 1.099120460815689732e-03
