2.000000000000000111e-01 3.000000000000000444e-01 5.025325431389365651e-08 5.226815652000968981e-01 6.260099496730701096e-01 2.332034501342728698e-04 8.676134372800598340e-05 4.252748604619030720e-04
2.040816326530612290e-01 3.000000000000000444e-01 5.549416779404017612e-03 5.305984572459560011e-01 6.425010086374655094e-01 3.787413065933913385e-04 9.521189167962559711e-05 5.033618328206335493e-04
2.081632653061224469e-01 3.000000000000000444e-01 -7.221331968316052445e-03 5.276278902035506091e-01 6.362304000644193325e-01 3.159056538259747034e-04 9.689407201362664043e-05 4.870868320991725156e-04
2.122448979591836926e-01 3.000000000000000444e-01 5.279566439118156193e-03 5.347649115440481493e-01 6.502964552841594692e-01 5.157393799837622049e-04 9.680294271812292441e-05 4.971109266471948921e-04
2.163265306122449105e-01 3.000000000000000444e-01 -3.989990119120207304e-03 5.376014232840115037e-01 6.568491839840441271e-01 9.135549551421276232e-04 1.018139452023626907e-04 5.209427652906370009e-04
2.204081632653061285e-01 3.000000000000000444e-01 -1.020194386291974585e-02 5.388682284861189276e-01 6.584424449770585053e-01 2.696309391328499151e-04 9.057481439275192920e-05 4.655228979738474672e-04
2.244897959183673741e-01 3.000000000000000444e-01 3.504167911858887315e-03 5.455267159225977158e-01 6.736685666696485830e-01 5.962264169894309880e-04 9.017824201372480507e-05 4.839079291360356885e-04
2.285714285714285920e-01 3.000000000000000444e-01 6.080614786632521952e-03 5.502232248634885137e-01 6.828965650582516922e-01 6.207719218180985212e-04 1.395374341355651326e-04 7.106322428395855668e-04
2.326530612244898100e-01 3.000000000000000444e-01 3.156601131304237647e-03 5.553601347485019879e-01 6.938706843434728766e-01 3.950617498760364732e-04 1.089081135133276927e-04 5.706580166562541046e-04
2.367346938775510279e-01 3.000000000000000444e-01 -1.956574606099312219e-03 5.597321687794313272e-01 7.024535982770012676e-01 3.105181959938357688e-04 1.349900517371556636e-04 6.876827502981595463e-04
2.408163265306122458e-01 3.000000000000000444e-01 -2.446661760855474259e-03 5.633485845764659716e-01 7.094997380357386252e-01 4.515959713348052340e-04 1.110152177047074991e-04 5.758378540671535298e-04
2.448979591836734915e-01 3.000000000000000444e-01 -4.045319906217960935e-05 5.677367415624843261e-01 7.202973765938324169e-01 5.106160475698245764e-04 1.124787443085396095e-04 6.127337331243244483e-04
2.489795918367347094e-01 3.000000000000000444e-01 4.128273156235817373e-04 5.768735688069263068e-01 7.389310736837535476e-01 4.894917007630435061e-04 1.330507837576506665e-04 6.698630508424899743e-04
2.530612244897959551e-01 3.000000000000000444e-01 -1.473697908087601583e-03 5.794629999645408702e-01 7.453189369801701547e-01 1.408335123585506337e-03 1.376300554263382376e-04 7.108308198752283326e-04
2.571428571428571730e-01 3.000000000000000444e-01 1.089626959340733725e-02 5.868617874674557644e-01 7.606568152389258097e-01 7.807606173128885498e-04 1.215056523058822386e-04 6.610298633205330529e-04
2.612244897959183909e-01 3.000000000000000444e-01 -6.604430650604628007e-03 5.911493301380240650e-01 7.700470591458536962e-01 1.062434778112682481e-03 1.401073024660714139e-04 7.455185846266815112e-04
2.653061224489796088e-01 3.000000000000000444e-01 6.381068183626560295e-03 5.978636666039857106e-01 7.850673800392389268e-01 8.482087698335652026e-04 1.317619780126782093e-04 7.314037096788775574e-04
2.693877551020408267e-01 3.000000000000000444e-01 -1.566313702629640661e-02 6.066274060266865220e-01 8.048410967772884339e-01 1.012718362430408293e-03 1.428306444813879478e-04 8.382473778516271292e-04
2.734693877551020447e-01 3.000000000000000444e-01 -5.059225358494275591e-03 6.138485417842399761e-01 8.205337116073276871e-01 2.949633416006729614e-04 1.958725092065071035e-04 1.078043439893781657e-03
2.775510204081632626e-01 3.000000000000000444e-01 -7.366481680517630339e-03 6.221306423472332536e-01 8.371425517373439762e-01 1.260789765993513634e-03 1.543544578413296744e-04 8.279501179925787468e-04
2.816326530612245360e-01 3.000000000000000444e-01 4.969552553802471240e-02 6.332258235626004872e-01 8.618864633506702067e-01 2.032271469017623341e-03 1.717879993062634576e-04 9.359607719708380605e-04
2.857142857142856984e-01 3.000000000000000444e-01 -4.057863137651703672e-02 6.440132391753389252e-01 8.867871448401573042e-01 3.497095929755467255e-04 1.411636235167729116e-04 8.927999978074290226e-04
2.897959183673469719e-01 3.000000000000000444e-01 3.476654486886049389e-02 6.584933748077675952e-01 9.187766222877334910e-01 1.649982038810455208e-03 2.581417696201903115e-04 1.523294546213384542e-03
2.938775510204081898e-01 3.000000000000000444e-01 -7.059605489572102523e-03 6.685427909605655694e-01 9.420448103163322484e-01 1.930298466520881167e-03 1.487881505288516574e-04 9.977461185089837523e-04
2.979591836734694077e-01 3.000000000000000444e-01 -4.026499644595301838e-03 6.750560076060437842e-01 9.574778742011281762e-01 1.850817919130177177e-03 2.315753563855342339e-04 1.401702093171018756e-03
3.020408163265306256e-01 3.000000000000000444e-01 1.680948879328193063e-02 6.935853872753525717e-01 1.000081543329349731e+00 7.587815620519363898e-04 2.085663866268818313e-04 1.245779077330247701e-03
3.061224489795918435e-01 3.000000000000000444e-01 -4.571894980736912473e-02 7.159110357835158922e-01 1.051890965430585245e+00 2.090779080369209193e-03 3.053747569134284941e-04 1.731091828116707292e-03
3.102040816326531170e-01 3.000000000000000444e-01 1.780151450682259176e-02 7.281961092569931848e-01 1.083054100188048707e+00 3.888342278794107952e-03 2.147238887657633747e-04 1.443022540895119027e-03
3.142857142857142794e-01 3.000000000000000444e-01 -1.432110145228273311e-02 7.591891247526234565e-01 1.154965513890460649e+00 1.601066648367289709e-03 2.808095128382460189e-04 1.973665169619667585e-03
3.183673469387755528e-01 3.000000000000000444e-01 1.698189945124765898e-01 7.923536868236155106e-01 1.232798889291827349e+00 3.993029620689163631e-03 4.089924622908943166e-04 2.571229932583077565e-03
3.224489795918367707e-01 3.000000000000000444e-01 1.629386535193713681e-01 8.045312063501564026e-01 1.262459416015405900e+00 1.355392282723669531e-03 5.671027706036234394e-04 3.542669316438496960e-03
3.265306122448979886e-01 3.000000000000000444e-01 1.108170565607843605e-01 8.543524033237130944e-01 1.384531533006929660e+00 3.782283806712468527e-03 4.349722217000990296e-04 3.080071449732510111e-03
3.306122448979592066e-01 3.000000000000000444e-01 3.503789322607407386e-01 9.039811468701293151e-01 1.506959334002407225e+00 2.078983843001334930e-03 6.297931790556482575e-04 4.267421282553590309e-03
3.346938775510204245e-01 3.000000000000000444e-01 2.811197566547676829e-01 9.489753508859340991e-01 1.620701911970438669e+00 1.540535521919096261e-03 3.251639516789593285e-04 2.614467907007546419e-03
3.387755102040816424e-01 3.000000000000000444e-01 4.886955212128568649e-01 1.008614798218340436e+00 1.770968793870937974e+00 5.585129437416088034e-03 4.901069174382917046e-04 3.845736864736466233e-03
3.428571428571428603e-01 3.000000000000000444e-01 7.313270737699892887e-01 1.063929246042277121e+00 1.914573952530597589e+00 1.660225087394804483e-03 5.628496696109809528e-04 4.463957312564687842e-03
3.469387755102041337e-01 3.000000000000000444e-01 8.914220057141405418e-01 1.149980560577240407e+00 2.136944900559829996e+00 4.566801666816121415e-04 6.080329949716802365e-04 4.939137504969625704e-03
3.510204081632652962e-01 3.000000000000000444e-01 9.311077852805503818e-01 1.197833269670286693e+00 2.268585379766245858e+00 2.623738343432279602e-04 4.279019524238628211e-04 3.957446005195919096e-03
3.551020408163265696e-01 3.000000000000000444e-01 9.604030987664762264e-01 1.233817623734397184e+00 2.369270081012161189e+00 3.591347541933427546e-04 5.869331500148434154e-04 5.211030718448685269e-03
3.591836734693877875e-01 3.000000000000000444e-01 9.952569570146966305e-01 1.281858096947235737e+00 2.504810802781033185e+00 3.119072303014724392e-04 5.487747051465423137e-04 5.018387649715086440e-03
3.632653061224490054e-01 3.000000000000000444e-01 1.021605727647394435e+00 1.323239583243773332e+00 2.628487271220176336e+00 1.919866236246483150e-04 5.325823955467243664e-04 5.259274989832414364e-03
3.673469387755102233e-01 3.000000000000000444e-01 1.047840690766628224e+00 1.360476360301172472e+00 2.736664756854599645e+00 1.304531110646533164e-04 3.975952243922409985e-04 4.385080985874115385e-03
3.714285714285714413e-01 3.000000000000000444e-01 1.073817654261834731e+00 1.402644028769803652e+00 2.860879392230826657e+00 1.784646807397465321e-04 5.154089738702313881e-04 5.325904398877924842e-03
3.755102040816327147e-01 3.000000000000000444e-01 1.097896979171796961e+00 1.445104774479749832e+00 2.994036577322872983e+00 1.762489439648518388e-04 4.801083012044449357e-04 5.057632392042777855e-03
3.795918367346938771e-01 3.000000000000000444e-01 1.114607836019290588e+00 1.474615312222409491e+00 3.087508925145654004e+00 1.550098309015628378e-04 5.200357364199447363e-04 5.947903099666423596e-03
3.836734693877551505e-01 3.000000000000000444e-01 1.141620935087071409e+00 1.523149425917029953e+00 3.239369735236543590e+00 1.377365357396401614e-04 4.807210494924716790e-04 5.684347588007011322e-03
3.877551020408163684e-01 3.000000000000000444e-01 1.154237472605678327e+00 1.548295984173531981e+00 3.326319219044568953e+00 1.136767303322270683e-04 4.325381876121026634e-04 5.236106925556260026e-03
3.918367346938775864e-01 3.000000000000000444e-01 1.175232798198103890e+00 1.588093219498617259e+00 3.455096740298782887e+00 1.199547605039868764e-04 4.495130248170737608e-04 5.740191059928547758e-03
3.959183673469388043e-01 3.000000000000000444e-01 1.191507081874126461e+00 1.621176186880503467e+00 3.568168516099767373e+00 1.196635228510053257e-04 5.110410966122410498e-04 6.804732049721992984e-03
4.000000000000000222e-01 3.000000000000000444e-01 1.207641197619393481e+00 1.654802452136332036e+00 3.685117619635044139e+00 9.527830814256412287e-05 3.846948676016812398e-04 5.358668773542268025e-03
