2.000000000000000111e-01 1.000000000000000056e-01 -2.172129283443470157e-03 5.522744359314735174e-01 7.888469683641506913e-01 4.683416654025301614e-04 1.288893651836838081e-04 1.041897837367988496e-03
2.040816326530612290e-01 1.000000000000000056e-01 1.029214794287700539e-02 5.557074731982811766e-01 7.990970030839593674e-01 3.771009958293487828e-04 1.246030072691121915e-04 1.016267139067006560e-03
2.081632653061224469e-01 1.000000000000000056e-01 2.506590961896221909e-03 5.623839078249373014e-01 8.140551271229624630e-01 5.467309628767052804e-04 1.603787769300024852e-04 1.221195915408179603e-03
2.122448979591836926e-01 1.000000000000000056e-01 -2.627424843140121254e-04 5.640010539809436896e-01 8.184208334150092634e-01 4.381548077796687903e-04 1.396968818462059200e-04 1.099395986199227940e-03
2.163265306122449105e-01 1.000000000000000056e-01 -6.205155589892705388e-03 5.727486497081721861e-01 8.444434560927638334e-01 7.057735266000937516e-04 1.907966728753260897e-04 1.551853401714228678e-03
2.204081632653061285e-01 1.000000000000000056e-01 -1.823305179291889386e-02 5.789515851191132656e-01 8.574244325524359445e-01 7.348986963682510370e-04 1.488961038708969966e-04 1.274484189630634102e-03
2.244897959183673741e-01 1.000000000000000056e-01 -8.170252400677651891e-03 5.815019563111361034e-01 8.643059474628810301e-01 8.526865659065113907e-04 1.636294256328566931e-04 1.395907235217789307e-03
2.285714285714285920e-01 1.000000000000000056e-01 -2.125860442249586160e-02 5.883374806589476425e-01 8.825855575582609580e-01 3.722536599901840474e-04 1.639566324186786373e-04 1.475371819261537577e-03
2.326530612244898100e-01 1.000000000000000056e-01 -4.891181809707620051e-04 5.971926510884448813e-01 9.064199511168162804e-01 3.018239134488471067e-04 1.793172118127930718e-04 1.491635535736338374e-03
2.367346938775510279e-01 1.000000000000000056e-01 -4.351731233893272981e-03 6.060693722728737187e-01 9.310503670997197778e-01 1.231855651595102109e-03 2.518523247590478877e-04 2.053335017300517672e-03
2.408163265306122458e-01 1.000000000000000056e-01 8.091610093465383818e-03 6.202334831612646981e-01 9.703958075182512744e-01 8.442368140142138353e-04 1.583554845252459046e-04 1.476393006650777258e-03
2.448979591836734915e-01 1.000000000000000056e-01 2.098084944271748006e-02 6.254987331115615667e-01 9.840978041948615918e-01 5.186088774586604649e-04 2.265484100831653149e-04 1.882603998294561654e-03
2.489795918367347094e-01 1.000000000000000056e-01 1.898914086726364442e-02 6.351622226808509852e-01 1.011419825296958841e+00 7.570882976363499731e-04 2.055641507223034657e-04 1.833936985754591222e-03
2.530612244897959551e-01 1.000000000000000056e-01 3.296362640735249309e-03 6.427969881462690660e-01 1.032575358054470760e+00 7.101366400349950472e-04 2.220833253357718667e-04 2.164612152625102013e-03
2.571428571428571730e-01 1.000000000000000056e-01 -2.964352728749235569e-02 6.582583807121002994e-01 1.076610401579065401e+00 6.444365521430084733e-04 2.638012062432774246e-04 2.574972140650728936e-03
2.612244897959183909e-01 1.000000000000000056e-01 -2.585626218300034196e-02 6.705556569716363269e-01 1.112301862537904862e+00 9.797698668312414608e-04 2.348870267914258242e-04 2.210296802107848940e-03
2.653061224489796088e-01 1.000000000000000056e-01 4.163467957263732380e-03 6.910279586733190094e-01 1.170562491218882561e+00 1.568284525884692431e-03 2.482655026926714067e-04 2.492611978106301293e-03
2.693877551020408267e-01 1.000000000000000056e-01 3.028485934211268618e-02 7.112772374961837674e-01 1.229972592204557902e+00 2.089681027234374395e-03 3.789050758831291176e-04 3.779122744490641655e-03
2.734693877551020447e-01 1.000000000000000056e-01 -1.815573299883889435e-02 7.323157886856388465e-01 1.292329374642430695e+00 6.115339069438788721e-04 2.818733112409723155e-04 2.984482261200673177e-03
2.775510204081632626e-01 1.000000000000000056e-01 -3.493758053897925986e-02 7.566568682256920031e-01 1.365281230608272445e+00 1.456010257924359157e-03 4.199579636845495226e-04 4.462830495213170046e-03
2.816326530612245360e-01 1.000000000000000056e-01 4.016238772013576430e-02 7.729903126697591498e-01 1.415355225771922187e+00 4.700788659677738557e-04 2.855822129512967781e-04 3.392540055812436582e-03
2.857142857142856984e-01 1.000000000000000056e-01 -7.253608462017135938e-02 8.171733782889297748e-01 1.549792842610303811e+00 3.691305326579303724e-03 4.887630648455864972e-04 5.420099695178309286e-03
2.897959183673469719e-01 1.000000000000000056e-01 -1.071907483474989070e-01 8.523517592644982432e-01 1.662969618148559370e+00 7.267919962183276919e-03 6.073004269492160694e-04 6.823834058523797763e-03
2.938775510204081898e-01 1.000000000000000056e-01 -2.181673742913462777e-01 9.365939342769250553e-01 1.930903649220429674e+00 5.798450430458219548e-04 6.189947145897663639e-04 7.606413687818503779e-03
2.979591836734694077e-01 1.000000000000000056e-01 -4.537284801723698302e-02 1.002955531898286123e+00 2.150750664607967266e+00 1.574999793150428469e-03 1.339145903894690352e-03 1.577188057903665397e-02
3.020408163265306256e-01 1.000000000000000056e-01 9.925883300169488152e-03 1.067565887086114884e+00 2.370538674464258477e+00 2.862209502506330491e-03 7.112894100883965492e-04 9.236043784405848639e-03
3.061224489795918435e-01 1.000000000000000056e-01 -3.212588290106538347e-02 1.178070936093252419e+00 2.755730317788233297e+00 3.047094719958660589e-03 9.579614096254417599e-04 1.415514269867833470e-02
3.102040816326531170e-01 1.000000000000000056e-01 -3.056594450216978953e-01 1.323754057348844437e+00 3.271528035079736885e+00 1.509246814740236760e-03 1.694888341436528003e-03 2.373124766805073671e-02
3.142857142857142794e-01 1.000000000000000056e-01 -3.122920426798272975e-01 1.463169503432845353e+00 3.791082272103301509e+00 1.039516742624808747e-03 1.174883022687060394e-03 2.041806215431457919e-02
3.183673469387755528e-01 1.000000000000000056e-01 -4.853872921201550783e-01 1.560026903808839904e+00 4.164838529373030340e+00 1.545920280975586871e-03 1.525202488540375063e-03 2.705031991094579771e-02
3.224489795918367707e-01 1.000000000000000056e-01 -6.151909636077625976e-01 1.684737690903309604e+00 4.666964602047408484e+00 8.921851862118268658e-04 1.374086897768801415e-03 2.829595707439506655e-02
3.265306122448979886e-01 1.000000000000000056e-01 -8.876922190524162426e-01 1.812907254540943258e+00 5.196245095787002555e+00 9.601999602688193356e-04 1.376481692218944636e-03 3.075107087354228899e-02
3.306122448979592066e-01 1.000000000000000056e-01 -1.089904302301922590e+00 1.942457271656783169e+00 5.759317970300849687e+00 7.521759606960915813e-04 1.179515637947307731e-03 2.851197193656418091e-02
3.346938775510204245e-01 1.000000000000000056e-01 -1.337858130953176294e+00 2.114025171570858230e+00 6.501313824288552645e+00 2.533157170620120861e-04 1.444805877079198509e-03 3.741730936916252276e-02
3.387755102040816424e-01 1.000000000000000056e-01 -1.383273406063676214e+00 2.222432991538873637e+00 7.030201447214437849e+00 1.706664346500572744e-04 9.885526350034610187e-04 2.712356581091459121e-02
3.428571428571428603e-01 1.000000000000000056e-01 -1.417937950762884869e+00 2.309808412127646537e+00 7.467486151846460807e+00 3.174231554851993683e-04 2.099138448919967131e-03 5.851694510721529296e-02
3.469387755102041337e-01 1.000000000000000056e-01 -1.464390851879022293e+00 2.426724176458171289e+00 8.052552328070875731e+00 1.953809397181280631e-04 1.348402447129574099e-03 3.957671136493585290e-02
3.510204081632652962e-01 1.000000000000000056e-01 -1.497468484790412724e+00 2.515966877770086541e+00 8.532976716287540953e+00 1.772834815352651160e-04 1.338838319985941787e-03 4.377229919007341596e-02
3.551020408163265696e-01 1.000000000000000056e-01 -1.529690175091679372e+00 2.604006051075294259e+00 9.013965245043078056e+00 1.487525873921338086e-04 1.220196243762609488e-03 4.370396603778148314e-02
3.591836734693877875e-01 1.000000000000000056e-01 -1.564333620776149791e+00 2.704106595887687536e+00 9.588435465451890849e+00 1.640859440313885550e-04 1.379511963525468111e-03 5.063932938389822946e-02
3.632653061224490054e-01 1.000000000000000056e-01 -1.602774892156467956e+00 2.814109575001301877e+00 1.021873378272274202e+01 1.376444627746047956e-04 1.178085270321689018e-03 4.487143786653950001e-02
3.673469387755102233e-01 1.000000000000000056e-01 -1.625751999102305057e+00 2.884926062835692750e+00 1.065707233856134373e+01 1.646185221788106911e-04 1.500621869312631588e-03 6.101824151232281002e-02
3.714285714285714413e-01 1.000000000000000056e-01 -1.661498613066139329e+00 2.993912401000691226e+00 1.132379572079032037e+01 1.685154904680218773e-04 1.577871948880309183e-03 6.562493403387804902e-02
3.755102040816327147e-01 1.000000000000000056e-01 -1.689869831704573500e+00 3.083129811443004353e+00 1.189605554546517396e+01 1.101037371945456689e-04 1.141565456115094463e-03 5.575300510875191851e-02
3.795918367346938771e-01 1.000000000000000056e-01 -1.717619422236417170e+00 3.171350260610888316e+00 1.246508888076895794e+01 1.417784634413865683e-04 1.544135908180811236e-03 7.361108003507584041e-02
3.836734693877551505e-01 1.000000000000000056e-01 -1.746885536836673358e+00 3.265831058893748917e+00 1.309223938850092495e+01 9.573187996366344123e-05 1.068791931342361664e-03 5.688044705871762169e-02
3.877551020408163684e-01 1.000000000000000056e-01 -1.776501558906899758e+00 3.364495541270466461e+00 1.377052250116303611e+01 1.121522416106524440e-04 1.288575871686076539e-03 6.942865643520811092e-02
3.918367346938775864e-01 1.000000000000000056e-01 -1.800502837518104249e+00 3.445969526394301763e+00 1.434301026862766371e+01 1.388279881393324070e-04 1.673776433788973575e-03 9.360508308550274936e-02
3.959183673469388043e-01 1.000000000000000056e-01 -1.823180186096452493e+00 3.524520865154267213e+00 1.491399673127149939e+01 1.078691452584572741e-04 1.289461123481363365e-03 7.361329833704870207e-02
4.000000000000000222e-01 1.000000000000000056e-01 -1.849191744643523982e+00 3.614673465163963595e+00 1.557101579556126403e+01 1.166892892768003155e-04 1.452311374484059397e-03 8.563718665000764896e-02
