2.000000000000000111e-01 2.000000000000000000e+00 -5.300636913340364340e-03 6.701597858392452922e-01 6.593912263138765883e-01 5.844973397257251018e-04 5.476004464370120889e-05 1.499454395934256680e-04
2.040816326530612290e-01 2.000000000000000000e+00 1.115228239310725629e-02 6.728983842976528074e-01 6.633405766461766273e-01 3.798018408934360777e-04 5.406878005447661743e-05 1.434053559979412903e-04
2.081632653061224469e-01 2.000000000000000000e+00 6.556160410019935651e-03 6.755447646676484563e-01 6.674822051845095139e-01 1.381136121192341141e-03 5.582591340429363602e-05 1.523118504237635812e-04
2.122448979591836926e-01 2.000000000000000000e+00 1.291200974705747698e-02 6.789007827219627478e-01 6.727032847013194594e-01 7.052055942471187246e-04 5.766560757873728538e-05 1.592867966098489058e-04
2.163265306122449105e-01 2.000000000000000000e+00 5.219638702097302574e-03 6.802769372900883127e-01 6.750372470784441470e-01 3.154728276165303389e-04 5.564457277172440926e-05 1.517964301864686903e-04
2.204081632653061285e-01 2.000000000000000000e+00 5.700607040762495706e-03 6.841874461797357032e-01 6.812271342465714419e-01 4.428903707985975928e-04 6.450487626954332662e-05 1.725733393007171910e-04
2.244897959183673741e-01 2.000000000000000000e+00 4.116601921787639388e-03 6.873634393461934833e-01 6.863394599957862718e-01 6.426191051572872643e-04 5.612791682623861927e-05 1.538962271030767871e-04
2.285714285714285920e-01 2.000000000000000000e+00 -2.448688239743116585e-02 6.914983710317404997e-01 6.927540509539251712e-01 3.604297209879624218e-04 4.961313674466468507e-05 1.446654044563980182e-04
2.326530612244898100e-01 2.000000000000000000e+00 -1.958058373506248173e-02 6.956953152312632671e-01 6.990849367946149195e-01 6.833877320151902522e-04 6.234604296082664390e-05 1.742582606038238914e-04
2.367346938775510279e-01 2.000000000000000000e+00 5.572468709622242777e-02 6.990879167768478952e-01 7.044861229118343227e-01 5.884569780064938293e-04 5.594375945456968313e-05 1.600954183814200216e-04
2.408163265306122458e-01 2.000000000000000000e+00 1.284049488182879492e-02 7.019894582085012269e-01 7.092403826890731899e-01 7.963880267715784224e-04 5.529645875648667695e-05 1.612245833180326975e-04
2.448979591836734915e-01 2.000000000000000000e+00 -3.090807012226427113e-04 7.061446226831086248e-01 7.160206225465093333e-01 5.846875074241145208e-04 5.707390585368281609e-05 1.631055213567209289e-04
2.489795918367347094e-01 2.000000000000000000e+00 2.563030539055596510e-02 7.112254056399646140e-01 7.238474565475908618e-01 1.211504281968689900e-03 6.477815322814772195e-05 1.882635719515877179e-04
2.530612244897959551e-01 2.000000000000000000e+00 1.190134918528176419e-02 7.151040173228830898e-01 7.300828890054213982e-01 9.921873182083056856e-04 5.238207077568395270e-05 1.514414299170683512e-04
2.571428571428571730e-01 2.000000000000000000e+00 2.131871857826179301e-02 7.200799711725848207e-01 7.379135649357755344e-01 1.801213473947178021e-03 6.673875199979732275e-05 1.893661753307869467e-04
2.612244897959183909e-01 2.000000000000000000e+00 5.669142349921563878e-02 7.240310206564619655e-01 7.443402774948960632e-01 1.775071544578837564e-03 6.358416410470671811e-05 1.821491658388656371e-04
2.653061224489796088e-01 2.000000000000000000e+00 -6.471614101791837992e-02 7.305879764167380053e-01 7.550515002754381033e-01 6.953970584655696759e-04 7.058147203900122393e-05 2.055584879586054331e-04
2.693877551020408267e-01 2.000000000000000000e+00 -1.414650371858393041e-01 7.404443032914784784e-01 7.708681559664847249e-01 6.624360174930361790e-04 6.922268548720696406e-05 2.018183855830616661e-04
2.734693877551020447e-01 2.000000000000000000e+00 6.334726861115680396e-02 7.390073244611748970e-01 7.686473732952353588e-01 7.902150716872255280e-04 6.526824265070885135e-05 1.951498532681505917e-04
2.775510204081632626e-01 2.000000000000000000e+00 1.548342868608386033e-02 7.472825143997158248e-01 7.820340412546690212e-01 7.891452913622650379e-04 6.829321086721460430e-05 1.952446357369115896e-04
2.816326530612245360e-01 2.000000000000000000e+00 1.080552077835354730e-01 7.516257177330044614e-01 7.892209020052805002e-01 1.208022354543571803e-03 7.169951744130251216e-05 2.141890820676497869e-04
2.857142857142856984e-01 2.000000000000000000e+00 1.310074872926428047e-01 7.583153341398153335e-01 7.997583612439534972e-01 4.740058396260365026e-04 6.264059102322909250e-05 1.995488995830856430e-04
2.897959183673469719e-01 2.000000000000000000e+00 3.792487015209838885e-02 7.647457779100708120e-01 8.104938777356404112e-01 1.177713990052041155e-03 6.920609339974445552e-05 2.171126818180623406e-04
2.938775510204081898e-01 2.000000000000000000e+00 -8.640804978752547605e-02 7.794671579715823917e-01 8.345917713387434045e-01 4.240650592598375207e-03 8.534336182557834144e-05 2.548201248678725554e-04
2.979591836734694077e-01 2.000000000000000000e+00 3.334980699633473961e-02 7.797278539196945690e-01 8.353623319739552633e-01 6.495232801939872019e-04 8.061294818125469650e-05 2.472891827696512305e-04
3.020408163265306256e-01 2.000000000000000000e+00 -3.100950567822755369e-02 7.939229544097409219e-01 8.586421682267875166e-01 3.858052700582980136e-04 7.650722251452467346e-05 2.394203428136156919e-04
3.061224489795918435e-01 2.000000000000000000e+00 -3.270210321066691767e-02 8.064529052141252707e-01 8.792029106938331617e-01 1.844623790538589547e-03 7.108791101835773584e-05 2.328400754739592493e-04
3.102040816326531170e-01 2.000000000000000000e+00 -1.600141799415590871e-01 8.108181566895140691e-01 8.866898421657175566e-01 3.339377317674733885e-03 7.012670760753972766e-05 2.331086996636417934e-04
3.142857142857142794e-01 2.000000000000000000e+00 -2.179382497522958650e-01 8.226613755878855461e-01 9.062568891988017628e-01 8.112540845801060165e-04 8.192642187121118385e-05 2.637513513480522175e-04
3.183673469387755528e-01 2.000000000000000000e+00 -2.996158377699241204e-01 8.384105838656885634e-01 9.325561819250876017e-01 1.049537979195532943e-03 1.050297067582337110e-04 3.400362425191490179e-04
3.224489795918367707e-01 2.000000000000000000e+00 -4.045431863621720137e-01 8.486497320303296732e-01 9.499718209281278192e-01 1.613956732736059432e-04 7.689769720178818381e-05 2.589981343907993001e-04
3.265306122448979886e-01 2.000000000000000000e+00 -4.178515151438325081e-01 8.626678582983553500e-01 9.736469235938509659e-01 5.131576998168539683e-04 8.464655407371442914e-05 2.908847367867704718e-04
3.306122448979592066e-01 2.000000000000000000e+00 -5.607555108896736806e-01 8.764124986567501940e-01 9.968479373268673838e-01 4.709369053447920602e-04 7.908033256834804531e-05 2.795264925750343024e-04
3.346938775510204245e-01 2.000000000000000000e+00 -6.536836238230095963e-01 8.855309245705200727e-01 1.012554798389881494e+00 1.092565046431305401e-03 8.646376347788098881e-05 2.935122721052091377e-04
3.387755102040816424e-01 2.000000000000000000e+00 -7.555700397653360989e-01 8.937344102085695852e-01 1.026923200629672683e+00 2.280740068738189633e-04 8.299318521876709138e-05 2.960729386602652178e-04
3.428571428571428603e-01 2.000000000000000000e+00 -8.411498479665274752e-01 9.107311084215685693e-01 1.056385528607460156e+00 1.069505711058270830e-04 7.095541226965684984e-05 2.700620408476448234e-04
3.469387755102041337e-01 2.000000000000000000e+00 -8.508435575857845601e-01 9.184471107545090218e-01 1.069906910940776390e+00 1.619171177755684878e-04 8.507583817786246530e-05 3.106298367553485869e-04
3.510204081632652962e-01 2.000000000000000000e+00 -8.665267875594007130e-01 9.272284456080404080e-01 1.085593093924370756e+00 9.866669412203530156e-05 7.813814485533783786e-05 2.853228533598191861e-04
3.551020408163265696e-01 2.000000000000000000e+00 -8.783164810029200353e-01 9.354440958765642966e-01 1.100095751881074113e+00 1.415898422280733779e-04 7.817088147841537112e-05 2.858313319515501318e-04
3.591836734693877875e-01 2.000000000000000000e+00 -8.907928672965166328e-01 9.442402603060667809e-01 1.115624202750735039e+00 6.295832813380630277e-05 6.712848046485969580e-05 2.714331770450531664e-04
3.632653061224490054e-01 2.000000000000000000e+00 -8.939503087580682461e-01 9.499043111038987242e-01 1.126040412778372746e+00 1.203663675559921316e-04 8.499048394304233511e-05 3.162793578059507602e-04
3.673469387755102233e-01 2.000000000000000000e+00 -9.049495995582416130e-01 9.573351372863968534e-01 1.140017464619390353e+00 6.806901334720580213e-05 6.644352741093751487e-05 2.691449936846370935e-04
3.714285714285714413e-01 2.000000000000000000e+00 -9.110296164948680220e-01 9.638397820115853776e-01 1.151471530041336289e+00 5.536671893106160622e-05 6.940236719320750497e-05 2.816367516514103691e-04
3.755102040816327147e-01 2.000000000000000000e+00 -9.182661814903025910e-01 9.709436911085743693e-01 1.164903586929591173e+00 6.484528647264463093e-05 7.382582266980398890e-05 2.975564787877477656e-04
3.795918367346938771e-01 2.000000000000000000e+00 -9.210229188723340066e-01 9.758165524485250542e-01 1.174271304948316441e+00 6.315000514911483490e-05 8.385272414511917667e-05 3.410282034333967575e-04
3.836734693877551505e-01 2.000000000000000000e+00 -9.291402505706799486e-01 9.833238486761861630e-01 1.188182259119868300e+00 9.414965395633811973e-05 7.626579116843456110e-05 3.059962369186321218e-04
3.877551020408163684e-01 2.000000000000000000e+00 -9.348303575200396232e-01 9.901108887833015570e-01 1.201158044810809677e+00 7.088283698402763483e-05 8.270829659047709414e-05 3.387922484799331131e-04
3.918367346938775864e-01 2.000000000000000000e+00 -9.393977759841629638e-01 9.951334682100652085e-01 1.210604417864365345e+00 6.721817719741210418e-05 7.914521060493583658e-05 3.277728867147207382e-04
3.959183673469388043e-01 2.000000000000000000e+00 -9.455789000008673062e-01 1.001747403994277086e+00 1.223080799781170569e+00 5.133604265880066362e-05 7.588314717868702174e-05 3.146628050642950717e-04
4.000000000000000222e-01 2.000000000000000000e+00 -9.524852835173301946e-01 1.009501060613303469e+00 1.237589189043734272e+00 4.169196786695515168e-05 7.189809068437135701e-05 3.148367181967262987e-04
