2.000000000000000111e-01 3.000000000000000000e+00 2.262348656986109402e-02 7.597140500046328793e-01 7.434741737923311611e-01 5.516215138044812437e-04 4.005763881321920033e-05 1.124964647855394032e-04
2.040816326530612290e-01 3.000000000000000000e+00 -3.837032624979647838e-02 7.619506463483900482e-01 7.474524108715780990e-01 2.341037976854342447e-04 4.084051265767746054e-05 1.149897072350189816e-04
2.081632653061224469e-01 3.000000000000000000e+00 3.613998704801657524e-02 7.655292995942449830e-01 7.526254482770851073e-01 2.254761064385568149e-04 4.427139743877330847e-05 1.192725031601210773e-04
2.122448979591836926e-01 3.000000000000000000e+00 4.957423992050066786e-02 7.670772543238280061e-01 7.553500316159718064e-01 2.875312210650750951e-04 4.595715894349963174e-05 1.220110448766936778e-04
2.163265306122449105e-01 3.000000000000000000e+00 8.380172838487031511e-03 7.699530509645352572e-01 7.597286122313610113e-01 6.447825102670010642e-04 4.367069442500819902e-05 1.179136251079423861e-04
2.204081632653061285e-01 3.000000000000000000e+00 2.590050397313544209e-02 7.733168886104880846e-01 7.651439901820142886e-01 6.256904078663517305e-04 4.715049740859623262e-05 1.281383778575194150e-04
2.244897959183673741e-01 3.000000000000000000e+00 5.125509121315107580e-03 7.749356187841288657e-01 7.678579028523069283e-01 8.571226451433666639e-04 4.414167642761735203e-05 1.203859279529526446e-04
2.285714285714285920e-01 3.000000000000000000e+00 1.811013478079274985e-02 7.804193672957810968e-01 7.764550395546971906e-01 5.600696992004698281e-04 3.993091964257900026e-05 1.149354517670853260e-04
2.326530612244898100e-01 3.000000000000000000e+00 4.155781687259343937e-02 7.829543982795422741e-01 7.807814613453671893e-01 4.578880493572843637e-04 4.568952951177855648e-05 1.297491630069402423e-04
2.367346938775510279e-01 3.000000000000000000e+00 2.541175216575148471e-02 7.861150586304799237e-01 7.856447402319066686e-01 4.115144240982373538e-04 5.158960913532686541e-05 1.437133577278563816e-04
2.408163265306122458e-01 3.000000000000000000e+00 -2.546673106445097520e-02 7.907521535463328810e-01 7.929077776400712541e-01 3.922518617529009537e-04 4.546114934592844357e-05 1.306317464617069843e-04
2.448979591836734915e-01 3.000000000000000000e+00 5.853816972849382183e-03 7.932056963101625779e-01 7.971038901617440997e-01 9.562266959206433938e-04 4.557237644286109198e-05 1.308309423007284595e-04
2.489795918367347094e-01 3.000000000000000000e+00 3.630949499637137722e-03 7.949805886238837660e-01 8.001731995545983134e-01 8.513927419909221236e-04 5.378357399194086782e-05 1.501393932653118969e-04
2.530612244897959551e-01 3.000000000000000000e+00 4.887117718820885998e-02 8.021673709929041385e-01 8.113106059043492246e-01 2.164459399566931875e-04 4.836826798976528210e-05 1.405414688270480606e-04
2.571428571428571730e-01 3.000000000000000000e+00 8.451925037195578971e-02 8.091428265889964999e-01 8.225503326841904217e-01 2.826266586675721046e-04 5.215719664537395715e-05 1.489027377572294040e-04
2.612244897959183909e-01 3.000000000000000000e+00 1.569252878024655629e-01 8.143779125659795781e-01 8.312868215869312349e-01 3.469780904603644704e-04 4.597911037914252728e-05 1.341140807017041732e-04
2.653061224489796088e-01 3.000000000000000000e+00 7.917088464575254558e-02 8.181656508041260656e-01 8.374389603871368326e-01 5.128343439034097539e-04 4.923209142832549423e-05 1.472296859335711422e-04
2.693877551020408267e-01 3.000000000000000000e+00 1.026814430645823506e-01 8.242223244315606268e-01 8.474201136005631296e-01 6.730356001687648341e-04 4.797163432497968713e-05 1.461088133015805057e-04
2.734693877551020447e-01 3.000000000000000000e+00 -2.118889588840290952e-02 8.291848762796923955e-01 8.555510360587750274e-01 2.743483851180046488e-04 5.235168821266344676e-05 1.547513580554197416e-04
2.775510204081632626e-01 3.000000000000000000e+00 -3.643696452995583840e-02 8.406702131196062133e-01 8.743139209351780128e-01 6.396658086072788815e-04 4.887480102290888469e-05 1.492255752613125795e-04
2.816326530612245360e-01 3.000000000000000000e+00 2.635496124982859498e-02 8.393174981646279731e-01 8.723523396280985498e-01 1.202838164981660839e-03 4.583593786067860796e-05 1.446881561791716134e-04
2.857142857142856984e-01 3.000000000000000000e+00 6.881459743059585576e-02 8.451679979816868471e-01 8.820417574607317679e-01 5.173743821731327909e-04 4.675282864719010648e-05 1.540287827880121004e-04
2.897959183673469719e-01 3.000000000000000000e+00 -4.676157387374254432e-02 8.518224119952643170e-01 8.928625681837385475e-01 1.440337498182452081e-04 4.636019045989792417e-05 1.463019456439550354e-04
2.938775510204081898e-01 3.000000000000000000e+00 -4.711641888242183718e-02 8.559909017545523913e-01 8.999515054233711009e-01 1.152373627238487651e-03 4.349112179018979114e-05 1.404168647158780358e-04
2.979591836734694077e-01 3.000000000000000000e+00 -5.254007492580107380e-02 8.685907519400457577e-01 9.204196712482686227e-01 5.813113089226178924e-04 4.838005910568265658e-05 1.599591157268207497e-04
3.020408163265306256e-01 3.000000000000000000e+00 -1.453456619032203745e-01 8.775042119025285858e-01 9.353758015925306424e-01 1.703417586293788676e-04 4.481001837593433901e-05 1.543400894733575317e-04
3.061224489795918435e-01 3.000000000000000000e+00 -1.496344650202770521e-01 8.827148201125364357e-01 9.442586921764175578e-01 1.686453628603709642e-04 5.052569601663235808e-05 1.675976816043280883e-04
3.102040816326531170e-01 3.000000000000000000e+00 -1.117339791946755645e-01 8.899497758386382129e-01 9.566736772013763046e-01 3.206042815475652593e-04 4.324728687219726289e-05 1.515997539219681323e-04
3.142857142857142794e-01 3.000000000000000000e+00 -2.250221708575990409e-01 8.937183890926478913e-01 9.631516534464300561e-01 1.145602461349190526e-03 4.851014843909439843e-05 1.626004501428565511e-04
3.183673469387755528e-01 3.000000000000000000e+00 -3.407093804361377432e-01 9.028918495841354863e-01 9.783852023211373483e-01 3.412322315612351001e-04 4.457605912035229873e-05 1.545188919799836630e-04
3.224489795918367707e-01 3.000000000000000000e+00 -4.302703644378609305e-01 9.083481946389054817e-01 9.877439921311826909e-01 1.502999046074135318e-04 4.838650954795568269e-05 1.662264530634918378e-04
3.265306122448979886e-01 3.000000000000000000e+00 -4.745073020842361933e-01 9.140341255801449627e-01 9.976153359574525537e-01 7.871503287142371692e-04 4.996188669429411819e-05 1.708492072584316798e-04
3.306122448979592066e-01 3.000000000000000000e+00 -5.580659265102861921e-01 9.217629708116653608e-01 1.010878326855927156e+00 1.970446983528410020e-04 4.733436256599757438e-05 1.646555016002425038e-04
3.346938775510204245e-01 3.000000000000000000e+00 -5.827602729113746660e-01 9.258486785255792828e-01 1.018023794673178717e+00 7.980890076883004986e-04 4.837771487745327594e-05 1.723536666145049508e-04
3.387755102040816424e-01 3.000000000000000000e+00 -6.626837057219592264e-01 9.332889845381158178e-01 1.031151208244657447e+00 1.126271234382272547e-04 4.714887619352367695e-05 1.672180648556666378e-04
3.428571428571428603e-01 3.000000000000000000e+00 -7.199280295628663895e-01 9.381774957766376710e-01 1.039541328098964046e+00 1.221772271043248810e-04 4.994697134916732526e-05 1.810257065452245307e-04
3.469387755102041337e-01 3.000000000000000000e+00 -7.688604036444345313e-01 9.417596293029437682e-01 1.045989716903428457e+00 1.140311093402547794e-04 5.060128091964888341e-05 1.825514720509903996e-04
3.510204081632652962e-01 3.000000000000000000e+00 -8.301894231422578541e-01 9.491555990172279023e-01 1.058773891572172721e+00 1.821190305486733278e-04 4.692463683867346367e-05 1.769777288313939285e-04
3.551020408163265696e-01 3.000000000000000000e+00 -9.088669571119282198e-01 9.589945510218230718e-01 1.075694906309597298e+00 1.822926677021087408e-04 4.751345699383206946e-05 1.796451548932518217e-04
3.591836734693877875e-01 3.000000000000000000e+00 -9.305207887866361327e-01 9.647128115341987442e-01 1.085849642816639982e+00 3.823924810892787734e-05 4.566247841798225693e-05 1.712126888898066765e-04
3.632653061224490054e-01 3.000000000000000000e+00 -9.309341894051745836e-01 9.677563145463234928e-01 1.091770184010917966e+00 3.399935558597450827e-05 4.123572585954604706e-05 1.611246816563343624e-04
3.673469387755102233e-01 3.000000000000000000e+00 -9.364398208330502182e-01 9.726028112534528258e-01 1.100702861258271659e+00 3.421594348562573008e-05 4.219806334492304153e-05 1.646680733022432117e-04
3.714285714285714413e-01 3.000000000000000000e+00 -9.436973483196392509e-01 9.772538512508929243e-01 1.108823485057470526e+00 2.871840490454469913e-05 4.342377991346627503e-05 1.700005524039574685e-04
3.755102040816327147e-01 3.000000000000000000e+00 -9.452167540740032958e-01 9.806203958731910530e-01 1.115164273292136299e+00 2.644589390166548598e-05 4.066880269874760355e-05 1.675776732405912851e-04
3.795918367346938771e-01 3.000000000000000000e+00 -9.508929592364862016e-01 9.856603459093000730e-01 1.124489193269203824e+00 2.526110733019288420e-05 4.296254513470597097e-05 1.713225573979599659e-04
3.836734693877551505e-01 3.000000000000000000e+00 -9.533405957073207704e-01 9.887775732921371130e-01 1.130371213842569444e+00 2.643492475805974141e-05 4.413165742574550387e-05 1.771659552861343375e-04
3.877551020408163684e-01 3.000000000000000000e+00 -9.541043408243086166e-01 9.913483342085616101e-01 1.135409698553266900e+00 2.891325497978851659e-05 4.085855588753165821e-05 1.685149812225481252e-04
3.918367346938775864e-01 3.000000000000000000e+00 -9.604225143253237729e-01 9.967060267733207635e-01 1.145219918264360759e+00 2.566255787847885868e-05 4.313074196094984157e-05 1.760585433204072065e-04
3.959183673469388043e-01 3.000000000000000000e+00 -9.657252048717925863e-01 1.001001942364016850e+00 1.153043145629223165e+00 1.884385095785144767e-05 4.117541002923200100e-05 1.723933325781954124e-04
4.000000000000000222e-01 3.000000000000000000e+00 -9.653948876239323296e-01 1.002905822161313409e+00 1.156896822977358408e+00 2.203780411339784898e-05 4.315133804245579715e-05 1.785327682263205477e-04
