2.000000000000000111e-01 8.000000000000000000e+00 1.035275114292082271e-01 9.387238360825153061e-01 9.368619407435808677e-01 3.520193519015868823e-05 1.384550381102681303e-05 4.648874115004695325e-05
2.040816326530612290e-01 8.000000000000000000e+00 8.292256927357602447e-02 9.340172192083145974e-01 9.285568292789577738e-01 2.209805443752682741e-05 1.406548327704384968e-05 4.698848433785181213e-05
2.081632653061224469e-01 8.000000000000000000e+00 5.239786308867412645e-02 9.333677576096827133e-01 9.274181670988411730e-01 1.660813110232256521e-05 1.337381215147865101e-05 4.505483140699320454e-05
2.122448979591836926e-01 8.000000000000000000e+00 4.345318423874425240e-02 9.327723358413056998e-01 9.263736942578758571e-01 1.198943909624909659e-05 1.419935513037869278e-05 4.813149218963788634e-05
2.163265306122449105e-01 8.000000000000000000e+00 4.305884698810356209e-02 9.335113008559846604e-01 9.277407818310826615e-01 1.731362327161758014e-05 1.415875411114402774e-05 4.709933729728161465e-05
2.204081632653061285e-01 8.000000000000000000e+00 5.752522260518127400e-02 9.333797018987158856e-01 9.275734715100121264e-01 4.312481555579987080e-05 1.316071075633421771e-05 4.489421772754440248e-05
2.244897959183673741e-01 8.000000000000000000e+00 5.211519906060448071e-02 9.343335447262784976e-01 9.292804587285988793e-01 3.840662501645778333e-05 1.363050820601799066e-05 4.604618267939437014e-05
2.285714285714285920e-01 8.000000000000000000e+00 8.006679532322716342e-02 9.366134301517311522e-01 9.334114279731402508e-01 5.534860006878896928e-05 1.347937149473590074e-05 4.579285617259431281e-05
2.326530612244898100e-01 8.000000000000000000e+00 7.781093776482668478e-02 9.373602696303654502e-01 9.348073105752702228e-01 4.306529329240525679e-05 1.311903717522629242e-05 4.437102316503295393e-05
2.367346938775510279e-01 8.000000000000000000e+00 9.541922682264475375e-02 9.380722610579572684e-01 9.361597484892577592e-01 2.113991531314480938e-05 1.323874809400617842e-05 4.490467259715490129e-05
2.408163265306122458e-01 8.000000000000000000e+00 8.198471744066899991e-02 9.396953417446038959e-01 9.390131589255457101e-01 1.066433526077566038e-05 1.353727644105297212e-05 4.658412799747853539e-05
2.448979591836734915e-01 8.000000000000000000e+00 9.015569078817563253e-02 9.427105788512566420e-01 9.445696922634235770e-01 5.453566613481900259e-05 1.387750030431984467e-05 4.752668756792901607e-05
2.489795918367347094e-01 8.000000000000000000e+00 9.510229645901203954e-02 9.430968562029298230e-01 9.452682299614810768e-01 1.399191944623339511e-05 1.303214546974017276e-05 4.536544342702331404e-05
2.530612244897959551e-01 8.000000000000000000e+00 9.922465820621953481e-02 9.443217921123249203e-01 9.475987216953051240e-01 9.422116270899409980e-06 1.303206707282487722e-05 4.546895884672937706e-05
2.571428571428571730e-01 8.000000000000000000e+00 1.166035420806915968e-01 9.479136221537537432e-01 9.540514419464604101e-01 1.361708676220319609e-05 1.328660231574988421e-05 4.620059563254013481e-05
2.612244897959183909e-01 8.000000000000000000e+00 9.129750345923640098e-02 9.469280760075564629e-01 9.523762668053541436e-01 3.497558167013145694e-05 1.343367302446027114e-05 4.679175951918228830e-05
2.653061224489796088e-01 8.000000000000000000e+00 8.151975761280916277e-02 9.496178397050718534e-01 9.572996341334246706e-01 8.813705257202127374e-06 1.333019915333883062e-05 4.644273283960110991e-05
2.693877551020408267e-01 8.000000000000000000e+00 8.761901447738330850e-02 9.506033189687945750e-01 9.591359620545254483e-01 1.605857413613400491e-05 1.315627239550338454e-05 4.593660951177714534e-05
2.734693877551020447e-01 8.000000000000000000e+00 8.175216035665246184e-02 9.513063513119055514e-01 9.604478633472613991e-01 2.623465549815692373e-05 1.310805865644236959e-05 4.627878855015329516e-05
2.775510204081632626e-01 8.000000000000000000e+00 6.507350935708064443e-02 9.540904419466498254e-01 9.655579118268291516e-01 7.301421750661710359e-05 1.352444145622999664e-05 4.781506827717953270e-05
2.816326530612245360e-01 8.000000000000000000e+00 6.366154897111855893e-02 9.572016328914442207e-01 9.712306759653570598e-01 1.073191990024828006e-05 1.286863620776263423e-05 4.513058616487995684e-05
2.857142857142856984e-01 8.000000000000000000e+00 7.748351076397726189e-02 9.588418205572369901e-01 9.742900673386906130e-01 9.171474152259922677e-06 1.363100779997024113e-05 4.884594374506631161e-05
2.897959183673469719e-01 8.000000000000000000e+00 9.711219490374749241e-02 9.599889811516412186e-01 9.764357583187329714e-01 8.365742306265539906e-06 1.273004793304074250e-05 4.528456871088783312e-05
2.938775510204081898e-01 8.000000000000000000e+00 1.068000526369249220e-01 9.614927864986213546e-01 9.792350531286480031e-01 1.130535227594511851e-05 1.297122576150360954e-05 4.591782104858661639e-05
2.979591836734694077e-01 8.000000000000000000e+00 1.081458625795662376e-01 9.625593945266204265e-01 9.812658609311787350e-01 8.824181232184572546e-06 1.295776468184583518e-05 4.600850536585116723e-05
3.020408163265306256e-01 8.000000000000000000e+00 9.748454869739951734e-02 9.652233844644577676e-01 9.861193615493574205e-01 2.792966526284935551e-05 1.278155068392731694e-05 4.601766822204407368e-05
3.061224489795918435e-01 8.000000000000000000e+00 8.850818108231159331e-02 9.658463419220525426e-01 9.873806409854112287e-01 1.102338286558326962e-05 1.301384775155916194e-05 4.722159032829915677e-05
3.102040816326531170e-01 8.000000000000000000e+00 9.312538667818504035e-02 9.677288036281371797e-01 9.908748909406196459e-01 1.098664603201128935e-05 1.307699426414533122e-05 4.649999454819654768e-05
3.142857142857142794e-01 8.000000000000000000e+00 8.744464374460401979e-02 9.689745669964031638e-01 9.932377735456602297e-01 2.231877373180288663e-05 1.286945038947550282e-05 4.651395422251975283e-05
3.183673469387755528e-01 8.000000000000000000e+00 8.716861220066762783e-02 9.704499019352952338e-01 9.959759109829221524e-01 1.254062720502575674e-05 1.269214564878921235e-05 4.662883325242327229e-05
3.224489795918367707e-01 8.000000000000000000e+00 1.073139890190720341e-01 9.712322387087269915e-01 9.975611887547700674e-01 1.665305588941344973e-05 1.238426246354610422e-05 4.594440137764840235e-05
3.265306122448979886e-01 8.000000000000000000e+00 1.200518651711552781e-01 9.736682366732906102e-01 1.002014164914788452e+00 1.054828023229023642e-05 1.284292332543564017e-05 4.687058969393669689e-05
3.306122448979592066e-01 8.000000000000000000e+00 1.224540391420823604e-01 9.749458266091580727e-01 1.004431917449679412e+00 1.133385949321751165e-05 1.263925036883016239e-05 4.664933685599622877e-05
3.346938775510204245e-01 8.000000000000000000e+00 1.245337020640084752e-01 9.759935522387724882e-01 1.006424849583481995e+00 5.913960715971194793e-06 1.254215108086492181e-05 4.615462007377433515e-05
3.387755102040816424e-01 8.000000000000000000e+00 1.163258083920808289e-01 9.766719689363925205e-01 1.007780680666811701e+00 1.016598025885377270e-05 1.232734520421620239e-05 4.553211224481604571e-05
3.428571428571428603e-01 8.000000000000000000e+00 1.180249299973890609e-01 9.778988406829768332e-01 1.010155034578750888e+00 1.005353315172900827e-05 1.274130481705415621e-05 4.754839057319477767e-05
3.469387755102041337e-01 8.000000000000000000e+00 1.078045264077440862e-01 9.805482080592717864e-01 1.015005213109311910e+00 6.412851603075049586e-06 1.243480102937408381e-05 4.636868740468606370e-05
3.510204081632652962e-01 8.000000000000000000e+00 1.034393543372378182e-01 9.810842455141784990e-01 1.016129394016703325e+00 5.984265713335658045e-06 1.166420011450361726e-05 4.389791354581512329e-05
3.551020408163265696e-01 8.000000000000000000e+00 9.442961108323201513e-02 9.809461387004335675e-01 1.015957381100881074e+00 9.450918351723286285e-06 1.285954652069849519e-05 4.723810469786615099e-05
3.591836734693877875e-01 8.000000000000000000e+00 8.514439383730547373e-02 9.833899015665096277e-01 1.020616596310852442e+00 2.614760642915156690e-05 1.218384456117323973e-05 4.624946760383625725e-05
3.632653061224490054e-01 8.000000000000000000e+00 8.927165375178049145e-02 9.840501062398194776e-01 1.021853548806427536e+00 6.631863681239223968e-06 1.246348600812253119e-05 4.710826922733944120e-05
3.673469387755102233e-01 8.000000000000000000e+00 9.635650046687672943e-02 9.850442410889749256e-01 1.023828575743683134e+00 5.266702097209636626e-06 1.247946368221633971e-05 4.769375635313450733e-05
3.714285714285714413e-01 8.000000000000000000e+00 1.031439734707314537e-01 9.873448386147212208e-01 1.028102105565573021e+00 8.518775248441823046e-06 1.274985136704799795e-05 4.835981387554200909e-05
3.755102040816327147e-01 8.000000000000000000e+00 9.352461884984215879e-02 9.891861278357004794e-01 1.031610233641107044e+00 1.833397794415817807e-05 1.217633326752170313e-05 4.674592089852936273e-05
3.795918367346938771e-01 8.000000000000000000e+00 8.665385000573480601e-02 9.895280405098721976e-01 1.032341333991183108e+00 6.438205282687320580e-06 1.240736306763903634e-05 4.723871457562952057e-05
3.836734693877551505e-01 8.000000000000000000e+00 7.769181419148844803e-02 9.910889969824786538e-01 1.035326842253558866e+00 9.956735760335618188e-06 1.251434838547871025e-05 4.821080236298180859e-05
3.877551020408163684e-01 8.000000000000000000e+00 8.256176853495676704e-02 9.922192096240929349e-01 1.037503838404392864e+00 8.619107353404015318e-06 1.245655071237533747e-05 4.707953591934601126e-05
3.918367346938775864e-01 8.000000000000000000e+00 8.438632741454667185e-02 9.938138660272297642e-01 1.040497067949225141e+00 4.782536153465800057e-06 1.180360150147606576e-05 4.525748797854260101e-05
3.959183673469388043e-01 8.000000000000000000e+00 8.444893343508952377e-02 9.952868265829331040e-01 1.043344945690535264e+00 6.602674759107496032e-06 1.296266820832140694e-05 4.967742407623662316e-05
4.000000000000000222e-01 8.000000000000000000e+00 8.234243601507387766e-02 9.958894267971895031e-01 1.044607987214615896e+00 1.179425936736347918e-05 1.217046521605801055e-05 4.693583881020169422e-05
