2.000000000000000111e-01 6.000000000000000000e+00 2.079139022369411172e-01 8.989224324104654329e-01 8.891445240755824209e-01 5.751741893890944873e-04 2.563936864949118910e-05 7.834973974928898367e-05
2.040816326530612290e-01 6.000000000000000000e+00 1.369429551607709294e-01 8.958856585450093446e-01 8.839086749634259554e-01 2.707130611802048992e-04 1.957818458994580114e-05 6.146774802134468037e-05
2.081632653061224469e-01 6.000000000000000000e+00 7.061692003405442564e-02 8.958586163400165114e-01 8.838321498226455741e-01 9.077448938855494438e-05 1.993094521398916809e-05 6.222225097372165138e-05
2.122448979591836926e-01 6.000000000000000000e+00 8.076329358442177475e-02 8.973981906078519755e-01 8.865718576052360467e-01 8.674131328837002026e-05 1.961950947166007339e-05 6.247050429467313523e-05
2.163265306122449105e-01 6.000000000000000000e+00 4.215208417280569969e-02 8.979071457908840426e-01 8.875218968511832118e-01 6.618444230466045573e-05 1.982531376330695945e-05 6.298651854285920108e-05
2.204081632653061285e-01 6.000000000000000000e+00 1.067346065821919016e-01 8.997324197007885438e-01 8.906126229882366241e-01 7.758583037546185556e-05 1.954628115764943085e-05 6.222913368655656567e-05
2.244897959183673741e-01 6.000000000000000000e+00 8.416706518332964237e-02 9.023636285591873918e-01 8.953151745714545973e-01 3.474262560579954623e-04 1.893175511413917785e-05 6.059251139260432106e-05
2.285714285714285920e-01 6.000000000000000000e+00 1.173010358798506347e-01 9.046395785030983960e-01 8.992301387129258972e-01 3.432072429087817213e-05 2.071587650688432638e-05 6.673219291785096230e-05
2.326530612244898100e-01 6.000000000000000000e+00 1.672650397365643693e-01 9.082779489891241731e-01 9.056223704079311432e-01 4.485988091428635277e-05 1.976289554975212118e-05 6.286063316965153388e-05
2.367346938775510279e-01 6.000000000000000000e+00 1.594910665148398243e-01 9.086040005762983096e-01 9.062680700655729726e-01 5.468482524134389523e-05 1.870133413250982376e-05 6.042147911710720419e-05
2.408163265306122458e-01 6.000000000000000000e+00 1.772786090511781210e-01 9.109608476545408839e-01 9.103184444896773586e-01 8.457708952901428858e-05 2.052317355770218605e-05 6.685083027891736748e-05
2.448979591836734915e-01 6.000000000000000000e+00 1.416055954311847831e-01 9.136821057807003044e-01 9.150949844606685035e-01 2.480572442049714440e-05 1.980820148452474731e-05 6.540459111657376582e-05
2.489795918367347094e-01 6.000000000000000000e+00 1.491408413359410767e-01 9.164660162319824277e-01 9.200727682860362355e-01 4.802434709271803111e-05 1.922304181410357336e-05 6.313920373316925759e-05
2.530612244897959551e-01 6.000000000000000000e+00 1.228043647329458282e-01 9.190022049171017171e-01 9.244783877631863600e-01 1.284212021083040603e-04 2.073961057716205790e-05 6.873895093160139796e-05
2.571428571428571730e-01 6.000000000000000000e+00 8.884730815147237615e-02 9.218366951201379944e-01 9.294995567655285340e-01 3.080533812142776875e-05 1.895710277942841250e-05 6.308562658843692148e-05
2.612244897959183909e-01 6.000000000000000000e+00 9.480711433071471739e-02 9.240811564451574256e-01 9.334934507365422185e-01 9.225383993548093493e-05 1.934296691715513692e-05 6.578877556200020188e-05
2.653061224489796088e-01 6.000000000000000000e+00 6.065676970763248660e-02 9.280600695489119589e-01 9.405277432490174450e-01 6.477034957818857217e-05 1.841696430372361751e-05 6.224435718165890639e-05
2.693877551020408267e-01 6.000000000000000000e+00 4.954340168330607919e-02 9.301596092152484285e-01 9.443336917592283219e-01 9.186837007569045161e-05 1.892463181950455249e-05 6.374196339414782138e-05
2.734693877551020447e-01 6.000000000000000000e+00 1.015551733248310079e-01 9.335403144384286644e-01 9.503535012395314396e-01 1.158576610539718420e-04 1.862919068821834601e-05 6.267311785953269499e-05
2.775510204081632626e-01 6.000000000000000000e+00 1.436662982470236771e-01 9.369318269722965997e-01 9.561815276080020132e-01 6.831306330722093742e-05 1.871519145953139842e-05 6.489530429000022816e-05
2.816326530612245360e-01 6.000000000000000000e+00 1.279882629791817272e-01 9.381671213121695052e-01 9.584554449263187337e-01 3.865708602175665920e-05 2.058028440978513411e-05 7.041429451112667494e-05
2.857142857142856984e-01 6.000000000000000000e+00 1.798625207139467330e-01 9.413464331999148449e-01 9.642612768242805332e-01 4.682090281034115005e-05 2.180616364225933072e-05 7.347721020722800900e-05
2.897959183673469719e-01 6.000000000000000000e+00 1.725651048812281985e-01 9.441391438909818579e-01 9.692874591061665379e-01 3.542901082801859221e-05 1.922318677652096880e-05 6.784669853585807730e-05
2.938775510204081898e-01 6.000000000000000000e+00 1.720903846815676486e-01 9.451438077957131645e-01 9.712427384859207979e-01 5.065937541382516628e-05 1.971176599509304010e-05 6.815677427368365001e-05
2.979591836734694077e-01 6.000000000000000000e+00 2.138301551999825245e-01 9.488180163592564442e-01 9.777471950993409378e-01 2.904173231456083092e-05 1.990997065437199868e-05 7.026283246671243844e-05
3.020408163265306256e-01 6.000000000000000000e+00 2.340774307770404350e-01 9.511954692454890337e-01 9.819920103817179058e-01 1.416741599759271171e-05 1.829089640914755957e-05 6.498018374200013522e-05
3.061224489795918435e-01 6.000000000000000000e+00 2.075042928192279701e-01 9.513818860011158396e-01 9.825556961493797647e-01 4.228994136325222946e-05 1.854298932015225202e-05 6.730716887672756837e-05
3.102040816326531170e-01 6.000000000000000000e+00 2.162247458697449110e-01 9.540165636054207532e-01 9.872695686990348163e-01 2.012918443279063048e-05 1.925155926942862238e-05 6.752392481302531106e-05
3.142857142857142794e-01 6.000000000000000000e+00 2.095078036996839699e-01 9.558182448990221181e-01 9.905788184303697674e-01 8.163691927289518058e-05 1.957332632363665130e-05 7.108755936890406640e-05
3.183673469387755528e-01 6.000000000000000000e+00 2.069848835108311635e-01 9.591579258415102727e-01 9.965946134212301244e-01 2.731928254956756842e-05 1.824181667893310518e-05 6.633519978180869847e-05
3.224489795918367707e-01 6.000000000000000000e+00 2.005564438926344950e-01 9.607932268903165429e-01 9.995955978728219282e-01 2.449027143272013268e-05 1.855105673866566511e-05 6.762630756900094085e-05
3.265306122448979886e-01 6.000000000000000000e+00 1.821761876914750333e-01 9.635100662243450964e-01 1.004568014545786259e+00 9.781434788507608854e-05 1.875566469646926525e-05 6.809759150064317933e-05
3.306122448979592066e-01 6.000000000000000000e+00 1.903835125129266226e-01 9.649001488320861908e-01 1.007258986750394714e+00 3.827458120637982405e-05 1.797987689974276209e-05 6.567412517796718924e-05
3.346938775510204245e-01 6.000000000000000000e+00 2.020236772776606848e-01 9.670246527794154057e-01 1.011020372793898225e+00 3.517376623682055148e-05 1.828473206609347484e-05 6.819640722520064525e-05
3.387755102040816424e-01 6.000000000000000000e+00 2.004458449874216841e-01 9.682593513504269556e-01 1.013417234922504129e+00 5.893026411454843497e-05 1.857586684947970336e-05 6.760563763362314852e-05
3.428571428571428603e-01 6.000000000000000000e+00 1.987832436544242354e-01 9.709111032566092314e-01 1.018339023464669202e+00 3.215123284819580723e-05 2.004739928292655266e-05 7.301532780455093736e-05
3.469387755102041337e-01 6.000000000000000000e+00 2.054524717411352341e-01 9.731006901229080075e-01 1.022338821829826383e+00 2.778705716392792548e-05 1.876088690020487497e-05 6.921188295648266658e-05
3.510204081632652962e-01 6.000000000000000000e+00 2.062588786348840686e-01 9.739136576947577950e-01 1.024030745668697229e+00 2.697014998721008501e-05 1.876584878663650684e-05 7.012500614717827655e-05
3.551020408163265696e-01 6.000000000000000000e+00 2.267855614613458748e-01 9.756579846098111242e-01 1.027265392206655248e+00 2.848874987591241823e-05 1.775379745048483491e-05 6.669346686584568592e-05
3.591836734693877875e-01 6.000000000000000000e+00 2.271899104813395742e-01 9.774955851675100060e-01 1.030700072634530340e+00 3.871487872793051707e-05 1.881067845058346819e-05 6.977182645001764035e-05
3.632653061224490054e-01 6.000000000000000000e+00 2.225408583800500828e-01 9.797803906075641667e-01 1.034884693516147314e+00 1.239566937657557884e-05 1.907427468075788624e-05 7.174839160711302089e-05
3.673469387755102233e-01 6.000000000000000000e+00 2.203999229793949799e-01 9.815931577318806056e-01 1.038388089990751828e+00 3.526801281398254966e-05 1.891927096746651578e-05 7.116549459646954784e-05
3.714285714285714413e-01 6.000000000000000000e+00 2.130250250774032295e-01 9.837686524910747021e-01 1.042405303783336290e+00 1.491475287459866410e-05 1.980756661782390410e-05 7.458012157890942320e-05
3.755102040816327147e-01 6.000000000000000000e+00 2.119858118598300367e-01 9.847146873934068401e-01 1.044395849645112229e+00 2.625467715361429877e-05 1.823777914097344439e-05 6.934097770105453976e-05
3.795918367346938771e-01 6.000000000000000000e+00 2.165204209803886781e-01 9.873422801224134293e-01 1.049171092473244693e+00 1.553102425258352727e-05 1.836902259058732906e-05 6.939275433550397526e-05
3.836734693877551505e-01 6.000000000000000000e+00 2.269783221171530752e-01 9.890522195275905926e-01 1.052524973564927357e+00 3.460228980954526356e-05 1.934156114337232159e-05 7.477103999607637630e-05
3.877551020408163684e-01 6.000000000000000000e+00 2.070853608326458373e-01 9.908082915085316689e-01 1.055891961866673112e+00 1.383727601554218874e-05 1.828331260393087059e-05 6.997487634588998417e-05
3.918367346938775864e-01 6.000000000000000000e+00 2.162131262929859188e-01 9.931787156887150747e-01 1.060242150413428064e+00 1.230917684481891325e-05 1.767161499494120046e-05 6.781406235263122157e-05
3.959183673469388043e-01 6.000000000000000000e+00 2.037480519672376367e-01 9.936871088468944846e-01 1.061381116542152947e+00 1.216357125945237057e-05 1.807727878664254780e-05 7.103139747633058123e-05
4.000000000000000222e-01 6.000000000000000000e+00 1.889284821289047289e-01 9.955983409043357435e-01 1.065078274098050892e+00 1.369643382702966294e-05 1.794634585440842332e-05 7.106038058747432388e-05
