2.000000000000000111e-01 5.999999999999999778e-01 -1.698787604846083805e-03 5.320788058142095212e-01 5.770687048047806744e-01 2.750836309518873849e-04 7.653663710559197042e-05 2.687322729483820373e-04
2.040816326530612290e-01 5.999999999999999778e-01 -9.004851350840014507e-03 5.356136698586445588e-01 5.825346393911720044e-01 5.661732469706593114e-04 7.758774843587549119e-05 3.044181542224176445e-04
2.081632653061224469e-01 5.999999999999999778e-01 -1.804920745753901563e-03 5.378566725346255462e-01 5.861970606374620196e-01 5.247932682156359685e-04 7.601009092362283716e-05 2.879100808380153178e-04
2.122448979591836926e-01 5.999999999999999778e-01 -9.630425333928608039e-04 5.403073645556006888e-01 5.912543533070167001e-01 2.735530816355039138e-04 1.020689555768524543e-04 3.679458301479677303e-04
2.163265306122449105e-01 5.999999999999999778e-01 -7.340885561737792685e-03 5.444030600108952234e-01 5.989028932234931046e-01 4.401999573321947507e-04 8.387463387608305536e-05 3.095751257113383962e-04
2.204081632653061285e-01 5.999999999999999778e-01 3.249222056588881545e-03 5.472751749625944795e-01 6.035594273817992406e-01 3.502947891571697508e-04 8.867995383717583793e-05 3.262122951884045764e-04
2.244897959183673741e-01 5.999999999999999778e-01 -1.241097147930925529e-02 5.521450902175573106e-01 6.127738600563694682e-01 5.464100809340704211e-04 1.039223111766709637e-04 3.735617343702929394e-04
2.285714285714285920e-01 5.999999999999999778e-01 -1.771957241668402350e-02 5.543054910144039615e-01 6.161277130793136880e-01 4.410625483784011598e-04 8.318630486159239094e-05 3.155928896317842115e-04
2.326530612244898100e-01 5.999999999999999778e-01 -1.691187656786605166e-03 5.591356474624794570e-01 6.245780381992760422e-01 4.331472377648492504e-04 9.245745516308338406e-05 3.488731020350657589e-04
2.367346938775510279e-01 5.999999999999999778e-01 -1.108892447916217001e-02 5.611006950919440461e-01 6.292344606771903548e-01 6.565530409573626510e-04 8.998598938801192072e-05 3.533825047537613156e-04
2.408163265306122458e-01 5.999999999999999778e-01 6.800825942136377519e-03 5.649360089046495670e-01 6.359276524513510775e-01 5.588147970593615801e-04 8.674621376688285634e-05 3.441479187738282820e-04
2.448979591836734915e-01 5.999999999999999778e-01 -7.986862000434680892e-03 5.691600424985026052e-01 6.439612804254405409e-01 7.201196087872917045e-04 9.004351331493698875e-05 3.789573551676131175e-04
2.489795918367347094e-01 5.999999999999999778e-01 -4.569823981742598441e-03 5.729673212527299775e-01 6.502349144786744306e-01 3.623532012016148765e-04 1.015916906314320313e-04 3.890883062370377346e-04
2.530612244897959551e-01 5.999999999999999778e-01 4.144509569534450197e-03 5.774357502622725624e-01 6.586321747473378174e-01 6.391088922930972596e-04 9.473171800686153838e-05 3.974720269308692697e-04
2.571428571428571730e-01 5.999999999999999778e-01 7.625503977283233344e-04 5.829793030818600785e-01 6.690009510700870576e-01 5.269327828824904190e-04 9.464520996244536494e-05 3.783560387086631676e-04
2.612244897959183909e-01 5.999999999999999778e-01 7.492777680508551363e-03 5.873146412302043817e-01 6.771930325598071176e-01 6.721063363021081288e-04 9.331857600189493362e-05 3.804313260324361057e-04
2.653061224489796088e-01 5.999999999999999778e-01 -2.935475389243590374e-03 5.901095733855999947e-01 6.823892945872925830e-01 7.448674072883281405e-04 1.011928580047419376e-04 4.200552361801385593e-04
2.693877551020408267e-01 5.999999999999999778e-01 2.091389777705143435e-02 5.994045926156769122e-01 6.995623623769811061e-01 9.000861052201049014e-04 1.050749958593165503e-04 4.281997075733850132e-04
2.734693877551020447e-01 5.999999999999999778e-01 1.352046393579385032e-02 6.071330554792913059e-01 7.133217365654904718e-01 3.612759486521105196e-04 1.181848421052477082e-04 4.967263102936007781e-04
2.775510204081632626e-01 5.999999999999999778e-01 2.468454309226869592e-02 6.127278372724169753e-01 7.241815946943701565e-01 8.735300258775277344e-04 1.161727950977426755e-04 4.581315918118479221e-04
2.816326530612245360e-01 5.999999999999999778e-01 -3.468076534837777336e-02 6.207995086968010057e-01 7.400227631350193569e-01 7.601375648788856682e-04 1.556320722365879712e-04 6.154989109942777571e-04
2.857142857142856984e-01 5.999999999999999778e-01 2.938986776046188017e-03 6.241891535358902177e-01 7.466995564068997782e-01 8.750977456314527675e-04 1.284256396552535876e-04 5.196554198383327708e-04
2.897959183673469719e-01 5.999999999999999778e-01 -8.672179465369765639e-03 6.316915409667395176e-01 7.611401808167728156e-01 1.336590049866648051e-03 1.148121829692013926e-04 4.792241355793208190e-04
2.938775510204081898e-01 5.999999999999999778e-01 -4.673418931586735200e-03 6.412182790932892118e-01 7.798474381833425673e-01 9.491715063208762404e-04 1.499615201239041747e-04 6.413285889934142994e-04
2.979591836734694077e-01 5.999999999999999778e-01 5.564884516951599386e-02 6.505466015626193421e-01 7.973105030579777930e-01 8.245554351645022336e-04 1.252365349072152606e-04 5.262709802021918893e-04
3.020408163265306256e-01 5.999999999999999778e-01 -4.288906589567318892e-03 6.622376672584716628e-01 8.205919505149887883e-01 1.568051034483707550e-03 1.647604818058488404e-04 6.846573584557112679e-04
3.061224489795918435e-01 5.999999999999999778e-01 -4.403506721655139206e-02 6.694639296825359853e-01 8.336497790211191417e-01 5.586668189907727494e-04 1.349566420457461722e-04 5.830331047336236288e-04
3.102040816326531170e-01 5.999999999999999778e-01 -2.676014545979471526e-02 6.796970070469861014e-01 8.546870746565801147e-01 1.417180773873971070e-03 1.197969103163553121e-04 5.679029148843410405e-04
3.142857142857142794e-01 5.999999999999999778e-01 -4.293020701295566233e-02 7.003733202980082506e-01 8.952981996798408115e-01 2.484102063964878284e-03 2.103632606798983538e-04 9.005761865850141950e-04
3.183673469387755528e-01 5.999999999999999778e-01 -1.883536814876887386e-02 7.073461174125430517e-01 9.086704565748499052e-01 7.655421144348926836e-04 1.565955999262782388e-04 7.157947940638081539e-04
3.224489795918367707e-01 5.999999999999999778e-01 4.934576114588453549e-02 7.242520547988773316e-01 9.424750758946042195e-01 6.540471066741119534e-03 1.751421426889709476e-04 8.352386340937587028e-04
3.265306122448979886e-01 5.999999999999999778e-01 7.072668552851642254e-02 7.384746690528393165e-01 9.712123969730982465e-01 2.521785830307286813e-03 2.068729556517635685e-04 9.431128916578833442e-04
3.306122448979592066e-01 5.999999999999999778e-01 6.090133471776745105e-02 7.606553912688376329e-01 1.015109573959211087e+00 3.208698544512692593e-03 2.131753292003788077e-04 1.001348365915354435e-03
3.346938775510204245e-01 5.999999999999999778e-01 -8.097113680865347662e-02 7.644572893957769510e-01 1.024628991244984411e+00 6.510238947691664516e-03 2.024171462619412895e-04 9.677463039139032807e-04
3.387755102040816424e-01 5.999999999999999778e-01 -2.826620132977768485e-01 8.065117213531494134e-01 1.110236314363850951e+00 8.012407239233807063e-04 2.283508284934273940e-04 1.128495479707452339e-03
3.428571428571428603e-01 5.999999999999999778e-01 -4.581638227696904209e-01 8.394394910521154607e-01 1.178029140054676072e+00 4.115241882864268189e-03 3.791334774131117870e-04 1.829927627220635311e-03
3.469387755102041337e-01 5.999999999999999778e-01 -6.370809395138098408e-01 8.842167125514244219e-01 1.269525994250056522e+00 3.740601892893502057e-04 2.662120449451283941e-04 1.389980057891612372e-03
3.510204081632652962e-01 5.999999999999999778e-01 -7.514115038232204169e-01 9.283514534162302656e-01 1.361945272312773181e+00 3.066993283008840492e-04 2.863201531531117303e-04 1.566996574711758189e-03
3.551020408163265696e-01 5.999999999999999778e-01 -7.711027892402355643e-01 9.546679857388473689e-01 1.419090715716127882e+00 4.609657646129153839e-04 2.211720025483166765e-04 1.262251343121515183e-03
3.591836734693877875e-01 5.999999999999999778e-01 -8.006259007067014766e-01 9.780262542789912583e-01 1.469704589091443969e+00 2.662983446799055388e-04 2.233251236771461549e-04 1.318177791278508882e-03
3.632653061224490054e-01 5.999999999999999778e-01 -8.567881042559128968e-01 1.014283135933016000e+00 1.547929062254032262e+00 2.952863157969645518e-04 3.122590973985105958e-04 1.797059362002062163e-03
3.673469387755102233e-01 5.999999999999999778e-01 -8.754812254116383086e-01 1.033904332213854360e+00 1.593791625458423455e+00 1.921161864159491529e-04 2.684020306736446099e-04 1.524065075453350827e-03
3.714285714285714413e-01 5.999999999999999778e-01 -8.970752391830234540e-01 1.060119008442584887e+00 1.653912215025439947e+00 2.235860514451851449e-04 3.326026606592471287e-04 2.011330916774555552e-03
3.755102040816327147e-01 5.999999999999999778e-01 -9.148655190580082808e-01 1.081828502422733207e+00 1.703780539663473315e+00 2.250793968529247264e-04 2.681945352936621800e-04 1.680963924292354188e-03
3.795918367346938771e-01 5.999999999999999778e-01 -9.386784351801690240e-01 1.106991553852014754e+00 1.760717006112617611e+00 1.175953158840818328e-04 2.412424369531510895e-04 1.621014328293642753e-03
3.836734693877551505e-01 5.999999999999999778e-01 -9.486998574609959434e-01 1.122807568596969841e+00 1.799323028300126026e+00 1.903440992748027939e-04 2.973668905307366890e-04 1.908754991587510155e-03
3.877551020408163684e-01 5.999999999999999778e-01 -9.675063265011903946e-01 1.147512173064971552e+00 1.857973602528653956e+00 1.063651707858844333e-04 2.080201566501609458e-04 1.500898945709040018e-03
3.918367346938775864e-01 5.999999999999999778e-01 -9.838539100831324991e-01 1.168559525285165934e+00 1.909498075476172341e+00 1.235611302126810019e-04 2.605915393855140765e-04 1.770776336074722686e-03
3.959183673469388043e-01 5.999999999999999778e-01 -1.000208938987534824e+00 1.193254367795395510e+00 1.970760133957839111e+00 8.649793316629295829e-05 2.316558417673281406e-04 1.736701179153898964e-03
4.000000000000000222e-01 5.999999999999999778e-01 -1.010027782213446912e+00 1.207433219829511906e+00 2.005409936465132770e+00 8.454365762873330948e-05 1.844631914552716928e-04 1.395916764483064610e-03
