2.000000000000000111e-01 4.000000000000000000e+00 -1.771138362901710228e-01 8.236568354385818136e-01 8.076322423598047973e-01 7.066141197364153408e-03 3.344999847247763540e-05 9.493151456296512964e-05
2.040816326530612290e-01 4.000000000000000000e+00 -1.045725498681606275e-01 8.228401227347205138e-01 8.063957473109529817e-01 2.441452038168239066e-04 3.210809701360132666e-05 9.255011942243996802e-05
2.081632653061224469e-01 4.000000000000000000e+00 4.724996774533599120e-02 8.257089244379558490e-01 8.111309835645579280e-01 2.059073139080167057e-04 3.381504691120925890e-05 9.515547055398624449e-05
2.122448979591836926e-01 4.000000000000000000e+00 1.800904486845220694e-03 8.283127635140408174e-01 8.155499159677828125e-01 1.271367658772971530e-04 3.114572622572854782e-05 9.062345117686766553e-05
2.163265306122449105e-01 4.000000000000000000e+00 4.069766978219618858e-02 8.309627646240284049e-01 8.196911934387504095e-01 3.280227527671882352e-04 3.626891566783599390e-05 1.033782967995955327e-04
2.204081632653061285e-01 4.000000000000000000e+00 -1.458740519617112395e-03 8.327223224013061698e-01 8.226412730082743874e-01 7.494075154640132729e-04 2.893214942799181055e-05 8.572025216578262529e-05
2.244897959183673741e-01 4.000000000000000000e+00 1.278499348119235997e-02 8.355725054324895096e-01 8.273950071627382830e-01 5.080620434490964142e-04 3.551201082880731444e-05 1.037059474426165189e-04
2.285714285714285920e-01 4.000000000000000000e+00 -8.377582300717482944e-02 8.402174233507953005e-01 8.348616037690640423e-01 3.120362092635145220e-04 3.434145968904117466e-05 9.927300951291374138e-05
2.326530612244898100e-01 4.000000000000000000e+00 -1.674815521826711687e-02 8.427220824636225682e-01 8.390700443784581131e-01 1.189884030680218098e-04 3.173625872742229465e-05 9.411939079126230387e-05
2.367346938775510279e-01 4.000000000000000000e+00 9.255793770671456866e-02 8.443983166985410405e-01 8.417457007069262254e-01 1.667850045485921851e-04 3.271566261317118094e-05 9.809518869295820584e-05
2.408163265306122458e-01 4.000000000000000000e+00 -8.858614267097539297e-03 8.529030028511921380e-01 8.557865865067760813e-01 3.074794372508245655e-04 3.123099527430428735e-05 9.332848726797553273e-05
2.448979591836734915e-01 4.000000000000000000e+00 2.476856423588589488e-03 8.536866689484733373e-01 8.570865418000226388e-01 1.525368977809405638e-04 3.336414981867502481e-05 9.914093509804141463e-05
2.489795918367347094e-01 4.000000000000000000e+00 -2.660568725503343820e-02 8.586611058099450355e-01 8.654250859639743831e-01 3.416396011840906548e-04 3.696896766417118624e-05 1.102589792147522663e-04
2.530612244897959551e-01 4.000000000000000000e+00 3.794959651653196341e-03 8.609789554348193930e-01 8.694398407924338601e-01 4.750876463944562578e-04 3.541935514014374781e-05 1.064280783797348092e-04
2.571428571428571730e-01 4.000000000000000000e+00 -5.584701928020440603e-02 8.627921480890492489e-01 8.723201977403536311e-01 2.898939358009341907e-04 3.493361883335148438e-05 1.052635825042588699e-04
2.612244897959183909e-01 4.000000000000000000e+00 -9.713325795951316399e-02 8.685396707700984154e-01 8.820556303060731462e-01 7.328966201693455900e-04 3.516103634300284385e-05 1.071661402940305807e-04
2.653061224489796088e-01 4.000000000000000000e+00 -4.483023027405632494e-02 8.734548271454994905e-01 8.902334957935498227e-01 1.101797909236546143e-03 3.559494497397368968e-05 1.108915315826733801e-04
2.693877551020408267e-01 4.000000000000000000e+00 -1.828909848063118848e-01 8.779983353711758864e-01 8.977659219911076072e-01 1.700730157237259740e-04 3.411010684174370117e-05 1.072452549683556130e-04
2.734693877551020447e-01 4.000000000000000000e+00 -1.738222394829036510e-01 8.860576597901804741e-01 9.114248720003366167e-01 1.043509826214146036e-04 3.483277087686131504e-05 1.089369033168522018e-04
2.775510204081632626e-01 4.000000000000000000e+00 -1.393084635755455214e-01 8.939683841786140173e-01 9.245267080763711620e-01 9.154815129478663372e-05 3.658779486185136093e-05 1.167417383950477823e-04
2.816326530612245360e-01 4.000000000000000000e+00 -1.719516946336344665e-01 8.967777804111572992e-01 9.294584577874235309e-01 2.072696819563987921e-04 3.651404299177249185e-05 1.184456602662061522e-04
2.857142857142856984e-01 4.000000000000000000e+00 -1.656988389818394025e-01 9.021078962022547332e-01 9.383670148228521191e-01 2.228617004762472166e-04 4.102175696553446980e-05 1.321047585238964385e-04
2.897959183673469719e-01 4.000000000000000000e+00 -1.864644007062172537e-01 9.067903069128555593e-01 9.463821151429008260e-01 1.393939987662751135e-04 3.573332358811696609e-05 1.201775595582393685e-04
2.938775510204081898e-01 4.000000000000000000e+00 -2.217097539905774628e-01 9.123058787262942060e-01 9.557945708539724583e-01 8.614010244271510315e-05 3.158295548525358391e-05 1.072708335566992450e-04
2.979591836734694077e-01 4.000000000000000000e+00 -2.624888855544664779e-01 9.144850408260626340e-01 9.599078383162393813e-01 2.721027717119504506e-04 3.716895906622949655e-05 1.232603234611660912e-04
3.020408163265306256e-01 4.000000000000000000e+00 -3.134387901689966727e-01 9.197026440445446038e-01 9.686908295013243464e-01 2.308209585500939430e-04 3.475679206306917586e-05 1.152762059459927209e-04
3.061224489795918435e-01 4.000000000000000000e+00 -3.403243696871552371e-01 9.254742725799003367e-01 9.785768505164164077e-01 1.360930248771023308e-04 3.121305549774344593e-05 1.099731090647638787e-04
3.102040816326531170e-01 4.000000000000000000e+00 -3.409854674335168756e-01 9.278989179270563659e-01 9.829292437093583024e-01 5.990091476901151531e-05 3.396764270138745282e-05 1.174320416217481452e-04
3.142857142857142794e-01 4.000000000000000000e+00 -3.503290773863302898e-01 9.313777751853562492e-01 9.890365833468076628e-01 4.693552632188643426e-05 3.121445361634935385e-05 1.086104559249682352e-04
3.183673469387755528e-01 4.000000000000000000e+00 -3.928212923303275872e-01 9.342928496633045032e-01 9.941770071586788493e-01 3.897564164463377957e-05 3.476001114188981208e-05 1.177731998718370974e-04
3.224489795918367707e-01 4.000000000000000000e+00 -4.421809700305940893e-01 9.400900042645178312e-01 1.004243764296516739e+00 3.861251495653091059e-05 2.904958367291386357e-05 1.050337360094672759e-04
3.265306122448979886e-01 4.000000000000000000e+00 -4.613179192520291405e-01 9.409204088681708544e-01 1.005944793004670101e+00 1.872425250705642922e-04 3.270832453332175123e-05 1.131427669593997119e-04
3.306122448979592066e-01 4.000000000000000000e+00 -4.825082551594856439e-01 9.455492763995142491e-01 1.014043542077319726e+00 4.811887312166320858e-05 3.286770852461650235e-05 1.167378546748041050e-04
3.346938775510204245e-01 4.000000000000000000e+00 -5.060340267780618628e-01 9.485636526188864215e-01 1.019535134922224806e+00 3.150358017308260369e-05 3.061297715497759010e-05 1.082057781846690997e-04
3.387755102040816424e-01 4.000000000000000000e+00 -5.629146957196519141e-01 9.511896257610362726e-01 1.024376655387714274e+00 7.649011906555890680e-05 3.276998773082831165e-05 1.174119890684872453e-04
3.428571428571428603e-01 4.000000000000000000e+00 -5.773596722778512325e-01 9.565432674617860842e-01 1.033544604789765176e+00 2.974479877327862885e-05 3.236500092203547786e-05 1.188313622509862483e-04
3.469387755102041337e-01 4.000000000000000000e+00 -6.105603973684705643e-01 9.585588390832401329e-01 1.037244915463171102e+00 1.121701331535528183e-04 3.030025906766815747e-05 1.151953371675826286e-04
3.510204081632652962e-01 4.000000000000000000e+00 -6.297923282375866849e-01 9.616763994221447787e-01 1.043230731735443895e+00 1.077615836435093363e-04 3.264621994260136185e-05 1.201617050045584252e-04
3.551020408163265696e-01 4.000000000000000000e+00 -6.511996199422894760e-01 9.653439405921133698e-01 1.049566809497946007e+00 1.123121915668274558e-04 3.425283276951378547e-05 1.258086509418920894e-04
3.591836734693877875e-01 4.000000000000000000e+00 -6.745149141371165058e-01 9.676191944033731840e-01 1.053832887236919591e+00 5.472746187712352917e-05 3.097365777249496977e-05 1.141511948134572347e-04
3.632653061224490054e-01 4.000000000000000000e+00 -6.756469216402987144e-01 9.719396246448867016e-01 1.061722916459634458e+00 4.617339158653054894e-05 2.866128239886212646e-05 1.119262769391725208e-04
3.673469387755102233e-01 4.000000000000000000e+00 -6.757250952934660271e-01 9.746458295009295947e-01 1.066718673558888497e+00 3.907622975826323337e-05 3.250578590912899565e-05 1.244066939776494361e-04
3.714285714285714413e-01 4.000000000000000000e+00 -7.140578594230342357e-01 9.777848933212739402e-01 1.072367773853234452e+00 6.219027404124911071e-05 3.123933148304633780e-05 1.178211928500020358e-04
3.755102040816327147e-01 4.000000000000000000e+00 -7.464459880004153947e-01 9.812351088585151704e-01 1.078694865064912634e+00 5.430359714068237211e-05 2.897358128435912266e-05 1.154380683341126485e-04
3.795918367346938771e-01 4.000000000000000000e+00 -8.096666936499650191e-01 9.845673093729389036e-01 1.084907716339215122e+00 8.394329802276552933e-05 2.910302352308184431e-05 1.121427393672635786e-04
3.836734693877551505e-01 4.000000000000000000e+00 -8.558005487034487935e-01 9.880427781456715408e-01 1.091427313511843078e+00 2.880066824217002578e-05 2.946139196004926445e-05 1.148866566272314807e-04
3.877551020408163684e-01 4.000000000000000000e+00 -8.846572705391714253e-01 9.919107643888581682e-01 1.098300030570161123e+00 2.038116763977327567e-05 2.942054695385956667e-05 1.179544933186835133e-04
3.918367346938775864e-01 4.000000000000000000e+00 -8.945370083826029717e-01 9.945839455175642385e-01 1.103501891089772924e+00 2.548411909965739457e-05 3.242709882581793081e-05 1.286469804938883388e-04
3.959183673469388043e-01 4.000000000000000000e+00 -9.238611930936582173e-01 9.977637037482885995e-01 1.109341007174736493e+00 2.031202542510290507e-05 3.079101980223348557e-05 1.218763595014873459e-04
4.000000000000000222e-01 4.000000000000000000e+00 -9.596501146399186721e-01 1.002210486016998914e+00 1.117693250748306388e+00 3.657892998270141725e-05 3.076864252889107586e-05 1.229515569428756840e-04
