2.000000000000000111e-01 7.000000000000000666e-01 1.978262827631101835e-03 5.410555073545850746e-01 5.760797510954256406e-01 2.728181354972316285e-04 8.133263760877450785e-05 2.670799536005696927e-04
2.040816326530612290e-01 7.000000000000000666e-01 5.341422287267597047e-03 5.424663561819194069e-01 5.787988661078906638e-01 5.318278675686749024e-04 7.553650337160742057e-05 2.687874668134643350e-04
2.081632653061224469e-01 7.000000000000000666e-01 -1.761578382508578169e-03 5.446532581158013420e-01 5.822883864948005250e-01 2.460198486952925277e-04 7.339470507751390694e-05 2.610100061226245391e-04
2.122448979591836926e-01 7.000000000000000666e-01 -1.041266683884146081e-02 5.495279527309154810e-01 5.910095034157155647e-01 3.784172305597652687e-04 7.740097982406835496e-05 2.770253796320784568e-04
2.163265306122449105e-01 7.000000000000000666e-01 1.172698309852730943e-03 5.499891280256717918e-01 5.916605827796461714e-01 6.417151528684801945e-04 7.824782322817471392e-05 2.720685381580469184e-04
2.204081632653061285e-01 7.000000000000000666e-01 -3.493520330037540658e-03 5.537527028493656189e-01 5.992436587807462578e-01 5.295358228127239114e-04 7.137384037521003592e-05 2.720817058681234725e-04
2.244897959183673741e-01 7.000000000000000666e-01 5.013258174621918958e-03 5.586415403801473500e-01 6.076637540621548927e-01 3.680995073008010718e-04 9.866170778271235876e-05 3.388053159278155580e-04
2.285714285714285920e-01 7.000000000000000666e-01 -5.516782053306776984e-04 5.615255149769275977e-01 6.117549001838096245e-01 3.192846884170719656e-04 7.913677299501556731e-05 2.862468673113447424e-04
2.326530612244898100e-01 7.000000000000000666e-01 -7.048110659879082375e-04 5.660902656561285218e-01 6.201142544033908521e-01 4.671774843549973970e-04 8.068499712714604483e-05 2.954974307289743858e-04
2.367346938775510279e-01 7.000000000000000666e-01 5.972519530870443877e-03 5.686209015080017082e-01 6.244631480699811554e-01 4.861950851820719837e-04 1.098955980489433389e-04 3.811594930460710396e-04
2.408163265306122458e-01 7.000000000000000666e-01 1.622351026280153402e-02 5.707959999992778810e-01 6.287324858153443552e-01 3.525451094494677249e-04 8.996329254719093215e-05 3.216476045144681518e-04
2.448979591836734915e-01 7.000000000000000666e-01 7.597922940361783242e-03 5.760805936445601017e-01 6.377731143569409511e-01 4.193739908085492040e-04 9.525665044001025371e-05 3.364835343139646519e-04
2.489795918367347094e-01 7.000000000000000666e-01 5.205201130496511612e-03 5.806120694414840244e-01 6.460685478769964130e-01 4.428362806871481662e-04 9.168984928039234576e-05 3.480145635107165019e-04
2.530612244897959551e-01 7.000000000000000666e-01 -1.505338659666054409e-02 5.855942624796914853e-01 6.546528747943879400e-01 7.056254806082301687e-04 9.582686676268576819e-05 3.510563934077559514e-04
2.571428571428571730e-01 7.000000000000000666e-01 5.926827271851576803e-03 5.882036718870379266e-01 6.599386189191495111e-01 3.064957400313368273e-04 8.919063921679519567e-05 3.348608464199404056e-04
2.612244897959183909e-01 7.000000000000000666e-01 2.653578721546495482e-03 5.943343789431178026e-01 6.706709923379531313e-01 9.071933456886125411e-04 1.010973223618055956e-04 3.856235524436615403e-04
2.653061224489796088e-01 7.000000000000000666e-01 3.030980386233170926e-02 6.009178988153260903e-01 6.823170273637927385e-01 5.019324662181679853e-04 1.085822908324544987e-04 4.107664403972816482e-04
2.693877551020408267e-01 7.000000000000000666e-01 -4.676732720691609106e-03 6.049946978836248102e-01 6.902891473380448062e-01 7.453606418344616968e-04 1.161429729982585294e-04 4.212130993355060553e-04
2.734693877551020447e-01 7.000000000000000666e-01 -4.880157500217544698e-05 6.080290278190543241e-01 6.956812621987394918e-01 8.869742139373776963e-04 9.800507718957468615e-05 3.781961074656753244e-04
2.775510204081632626e-01 7.000000000000000666e-01 4.109441121885934640e-03 6.160337848000602134e-01 7.105524183981477560e-01 1.145474294950153552e-03 1.182071105988504329e-04 4.401955765794223862e-04
2.816326530612245360e-01 7.000000000000000666e-01 2.005141812272073776e-02 6.244630028613518125e-01 7.250107090754835948e-01 8.737282805023907856e-04 1.190146105915858873e-04 4.523142563804507165e-04
2.857142857142856984e-01 7.000000000000000666e-01 3.542655355369594278e-02 6.332577295120072058e-01 7.422552627917744505e-01 5.666755585218680689e-04 1.310103597087249451e-04 5.081116432326460760e-04
2.897959183673469719e-01 7.000000000000000666e-01 4.990138483299363069e-03 6.363216703299442445e-01 7.477908047236856426e-01 1.609138646311507109e-03 9.704544489880014978e-05 3.891497118527299575e-04
2.938775510204081898e-01 7.000000000000000666e-01 -3.509093188489362941e-02 6.461623283709082566e-01 7.663481104124534316e-01 3.128540693670408841e-03 1.149266351617105302e-04 4.735869353100218308e-04
2.979591836734694077e-01 7.000000000000000666e-01 7.196088744220616130e-04 6.519941594577778332e-01 7.775775817728869388e-01 6.668475914097224443e-04 1.347234853589929096e-04 5.426940041774713352e-04
3.020408163265306256e-01 7.000000000000000666e-01 6.490442346497479753e-02 6.568404320234648708e-01 7.859653640927961593e-01 1.609580608712242716e-03 1.499858056022335172e-04 5.770326061719243966e-04
3.061224489795918435e-01 7.000000000000000666e-01 -5.718783273955849828e-04 6.717772475731961235e-01 8.148332926288651690e-01 4.969631897724671689e-04 1.183084554269191516e-04 4.969838986705639580e-04
3.102040816326531170e-01 7.000000000000000666e-01 3.587413796032486168e-02 6.830101050521940609e-01 8.359158397685321207e-01 6.524789489990865179e-04 1.551235056957101725e-04 6.250313773354922381e-04
3.142857142857142794e-01 7.000000000000000666e-01 3.358628593796236100e-02 6.961239137020954759e-01 8.606610277762621886e-01 2.687582574973001060e-03 1.976086647457094014e-04 8.191012460280178674e-04
3.183673469387755528e-01 7.000000000000000666e-01 -2.398919044757060609e-02 7.108130867515213280e-01 8.892482495329299130e-01 3.585805235648594023e-03 1.396823896406327421e-04 5.985003709467078860e-04
3.224489795918367707e-01 7.000000000000000666e-01 -3.391915532325471411e-02 7.190411092771329393e-01 9.051048334224977010e-01 2.526291644119261787e-03 1.664716362821128126e-04 7.059644394632810923e-04
3.265306122448979886e-01 7.000000000000000666e-01 6.929916075055081448e-02 7.331815919165427520e-01 9.321183874609254572e-01 1.107952064774793757e-03 1.868728061447260422e-04 8.030288822455270781e-04
3.306122448979592066e-01 7.000000000000000666e-01 1.493006875066440753e-01 7.492765389891006267e-01 9.636608479934885008e-01 2.939110719916814517e-03 2.965489316814821745e-04 1.234627161072356918e-03
3.346938775510204245e-01 7.000000000000000666e-01 1.450918564851938208e-01 7.672697677150875917e-01 9.992793962823852683e-01 4.184921896714329827e-03 2.052029462348984646e-04 9.220651620905269972e-04
3.387755102040816424e-01 7.000000000000000666e-01 3.656270069513143511e-02 7.852017914460741599e-01 1.034768719584627572e+00 3.187816751420366902e-03 1.453079836056069398e-04 6.923165147592826203e-04
3.428571428571428603e-01 7.000000000000000666e-01 1.934473786328083991e-02 8.200401276555218111e-01 1.102751577096082958e+00 1.648559386373307659e-03 1.798483452466148288e-04 8.424233481130423201e-04
3.469387755102041337e-01 7.000000000000000666e-01 1.420883806716454756e-01 8.374107750032447894e-01 1.138607298145208668e+00 7.512294660009597412e-03 2.405787043786186371e-04 1.073975430639860376e-03
3.510204081632652962e-01 7.000000000000000666e-01 3.011827320875043457e-01 8.770570139835768275e-01 1.217537179703729988e+00 7.556228283700791928e-04 2.337890184565493930e-04 1.153575557672267739e-03
3.551020408163265696e-01 7.000000000000000666e-01 4.391311044828915544e-01 9.095300397182143337e-01 1.284258032419440587e+00 1.798961680242035406e-03 2.372431631855397526e-04 1.220060810429854760e-03
3.591836734693877875e-01 7.000000000000000666e-01 6.763614693246756682e-01 9.418612341911349883e-01 1.350606725050722101e+00 8.728816912126323175e-04 2.284074318172371024e-04 1.193741926643149265e-03
3.632653061224490054e-01 7.000000000000000666e-01 8.344306853234829680e-01 9.799576070446038845e-01 1.429026764166224650e+00 2.083632361860485399e-04 2.090869405412640770e-04 1.145000376516668722e-03
3.673469387755102233e-01 7.000000000000000666e-01 8.629504748346762399e-01 1.003529670830710430e+00 1.479288084475171017e+00 2.751611018738562512e-04 3.028393319456143930e-04 1.568525211265882260e-03
3.714285714285714413e-01 7.000000000000000666e-01 8.874372865695179247e-01 1.027933986723599258e+00 1.530993805011715558e+00 1.987857339563366404e-04 2.632112475808638078e-04 1.478114198193733768e-03
3.755102040816327147e-01 7.000000000000000666e-01 9.049833298823545258e-01 1.047985694955319236e+00 1.576100475847590054e+00 1.683023619776432016e-04 2.370659976959916398e-04 1.368988650172477074e-03
3.795918367346938771e-01 7.000000000000000666e-01 9.135014545014239484e-01 1.061279672837261101e+00 1.607011927895407144e+00 1.267051081094612032e-04 2.063018478184731300e-04 1.254601801914045738e-03
3.836734693877551505e-01 7.000000000000000666e-01 9.309000547984179752e-01 1.079820532457062887e+00 1.648554920685270986e+00 1.052657417412555097e-04 1.775758559438886494e-04 1.124648132219560181e-03
3.877551020408163684e-01 7.000000000000000666e-01 9.482262441192564895e-01 1.100751557522951396e+00 1.695369255059515412e+00 9.103047883899238377e-05 1.887344163448674084e-04 1.199534223147225888e-03
3.918367346938775864e-01 7.000000000000000666e-01 9.579368541763051415e-01 1.115199147997072870e+00 1.730365468052192490e+00 1.077674909677214479e-04 2.147430036928258984e-04 1.364528927797407313e-03
3.959183673469388043e-01 7.000000000000000666e-01 9.716731570587960887e-01 1.135940747455075783e+00 1.778533519435455235e+00 1.873896733681938503e-04 2.602433529683835880e-04 1.553766564831178401e-03
4.000000000000000222e-01 7.000000000000000666e-01 9.855687695680486193e-01 1.154016907082151322e+00 1.820521910405362265e+00 7.565109262687516199e-05 1.626560617858743049e-04 1.089869016813226196e-03
