2.000000000000000111e-01 9.000000000000000000e+00 7.232456515307908451e-02 9.480827841436335612e-01 9.466378430420098189e-01 8.153955455188596196e-06 1.169225176998623488e-05 4.057094208021504639e-05
2.040816326530612290e-01 9.000000000000000000e+00 7.897879940597932191e-02 9.457001300114760145e-01 9.424380319352474444e-01 1.924359563352390302e-05 1.137121842443153321e-05 3.955132729017371031e-05
2.081632653061224469e-01 9.000000000000000000e+00 8.000778184986032104e-02 9.438400808444484813e-01 9.391276251470594971e-01 1.470914216682723798e-05 1.124599158614555685e-05 3.880544919454437946e-05
2.122448979591836926e-01 9.000000000000000000e+00 8.905237503659602094e-02 9.446619691680325781e-01 9.406247321361479452e-01 1.215099807397274312e-05 1.185837399805403536e-05 4.057117751911448148e-05
2.163265306122449105e-01 9.000000000000000000e+00 9.235776370571889549e-02 9.460017701357683606e-01 9.431225552831118408e-01 6.456344255003074351e-06 1.127029667896331144e-05 3.908349232760496540e-05
2.204081632653061285e-01 9.000000000000000000e+00 9.183995601835659439e-02 9.465803819693028309e-01 9.441567631521725623e-01 1.105639875744551918e-05 1.128615717447657071e-05 3.918613853914493250e-05
2.244897959183673741e-01 9.000000000000000000e+00 9.528310503432335654e-02 9.475502077719356597e-01 9.459815312220022365e-01 5.898272900001790078e-06 1.116750520768827711e-05 3.856086934303729215e-05
2.285714285714285920e-01 9.000000000000000000e+00 9.618657531578833630e-02 9.479522408914208276e-01 9.467675264238057942e-01 9.416571873207078074e-06 1.162479155005828107e-05 4.046522712204410588e-05
2.326530612244898100e-01 9.000000000000000000e+00 1.025808273789279440e-01 9.502202196728311012e-01 9.508797341600268016e-01 2.293549566153322024e-05 1.136653662526609002e-05 3.956465364382871552e-05
2.367346938775510279e-01 9.000000000000000000e+00 8.903399912121139070e-02 9.513246194191553595e-01 9.529304519746856217e-01 1.162727919910537098e-05 1.085819625781637453e-05 3.809149895714817295e-05
2.408163265306122458e-01 9.000000000000000000e+00 8.739851183124910938e-02 9.513703332229759280e-01 9.531186324418026157e-01 8.906221012913705397e-06 1.070580888134709248e-05 3.721809066842393567e-05
2.448979591836734915e-01 9.000000000000000000e+00 8.338244895959666392e-02 9.511879651208650088e-01 9.528378864198908671e-01 1.236583423354284248e-05 1.082661197662179932e-05 3.768347278514074043e-05
2.489795918367347094e-01 9.000000000000000000e+00 8.786953224089454062e-02 9.517629216251752844e-01 9.538867822963184029e-01 1.593163390486340887e-05 1.075740594693496755e-05 3.751485276038079669e-05
2.530612244897959551e-01 9.000000000000000000e+00 6.638982295233618325e-02 9.526297658122013789e-01 9.554888507972302270e-01 8.827135156434504814e-06 1.051993549831243200e-05 3.710070768063814390e-05
2.571428571428571730e-01 9.000000000000000000e+00 5.860602871185178336e-02 9.543159687694178217e-01 9.586541273441083755e-01 2.075228559154075966e-05 1.165341949929772255e-05 4.059593205607078548e-05
2.612244897959183909e-01 9.000000000000000000e+00 5.166429383552897242e-02 9.558293591795722355e-01 9.614614322983856542e-01 1.062738339265441934e-05 1.127064952670624804e-05 4.031551972382842295e-05
2.653061224489796088e-01 9.000000000000000000e+00 6.000548476207762799e-02 9.572639375520558547e-01 9.641334737594335902e-01 1.251930679732080581e-05 1.124860866570495308e-05 3.995993831930892459e-05
2.693877551020408267e-01 9.000000000000000000e+00 4.905668490403533588e-02 9.582961429824033983e-01 9.660773350224051148e-01 1.232400951881258506e-05 1.168839731022674517e-05 4.141851690480225482e-05
2.734693877551020447e-01 9.000000000000000000e+00 4.875609692976501375e-02 9.596080776850735017e-01 9.685452441443074267e-01 6.180797467446394404e-06 1.130212798894131370e-05 4.035707073104703664e-05
2.775510204081632626e-01 9.000000000000000000e+00 5.486489996479702869e-02 9.614824098810073050e-01 9.720121125078332591e-01 9.783455152248843412e-06 1.118015823261719756e-05 3.975088979185046082e-05
2.816326530612245360e-01 9.000000000000000000e+00 4.684831832000146967e-02 9.613470129363161920e-01 9.718174807151545025e-01 1.400848105677325013e-05 1.115617348662198452e-05 3.978031701929105588e-05
2.857142857142856984e-01 9.000000000000000000e+00 5.174191529209041379e-02 9.629895332797341334e-01 9.748984033865475407e-01 8.845926243624765457e-06 1.088522422022044092e-05 3.917707020095243349e-05
2.897959183673469719e-01 9.000000000000000000e+00 5.343683093712412596e-02 9.651671014989414710e-01 9.788991633102103185e-01 4.528011432534670555e-06 1.081753095827832067e-05 3.881674002327454090e-05
2.938775510204081898e-01 9.000000000000000000e+00 5.526816767878935110e-02 9.662672273582851856e-01 9.809692748490274061e-01 6.307168040435537189e-06 1.104858080578476683e-05 3.943859813350275340e-05
2.979591836734694077e-01 9.000000000000000000e+00 6.558472646784251070e-02 9.679024157606960221e-01 9.840242562099307255e-01 5.028734538534456987e-06 1.096873412526145676e-05 3.967314330098470338e-05
3.020408163265306256e-01 9.000000000000000000e+00 7.420825263233202240e-02 9.702498764022433608e-01 9.884253628968506789e-01 5.062502442409537452e-06 1.119648556630034414e-05 4.044830802649016822e-05
3.061224489795918435e-01 9.000000000000000000e+00 7.321759683740632074e-02 9.718363559838988364e-01 9.913392677497487870e-01 4.462057545124268696e-06 1.089177175000924353e-05 3.938872112902310982e-05
3.102040816326531170e-01 9.000000000000000000e+00 7.008250959532788538e-02 9.730738376479288743e-01 9.937194452118212062e-01 5.686649469384480632e-06 1.111151760243958506e-05 4.069463766143723005e-05
3.142857142857142794e-01 9.000000000000000000e+00 6.758171635720452985e-02 9.741678151737276359e-01 9.957909040652673793e-01 9.868655798213545494e-06 1.130261583346768431e-05 4.173144537688744003e-05
3.183673469387755528e-01 9.000000000000000000e+00 6.596014785072087938e-02 9.754317185234467891e-01 9.982174439300822710e-01 5.365227478555943131e-06 1.061102999630685769e-05 3.913409378752080823e-05
3.224489795918367707e-01 9.000000000000000000e+00 5.800587359067670840e-02 9.765710763819499540e-01 1.000393637647950751e+00 1.078344177205824058e-05 1.103703862788814453e-05 4.022947696192523414e-05
3.265306122448979886e-01 9.000000000000000000e+00 5.301063651608651367e-02 9.773304191813276809e-01 1.001897976658098433e+00 5.971362439213305689e-06 1.092730741162778383e-05 4.024393325074685808e-05
3.306122448979592066e-01 9.000000000000000000e+00 4.875133274252058113e-02 9.786938078562017473e-01 1.004449948493343125e+00 4.763200137021113517e-06 1.062454316325573499e-05 3.889971693174354005e-05
3.346938775510204245e-01 9.000000000000000000e+00 5.691776259893487067e-02 9.803238691601180443e-01 1.007574136752299010e+00 5.170222808433692521e-06 1.063816821097701666e-05 4.005571605260107855e-05
3.387755102040816424e-01 9.000000000000000000e+00 4.913182802906655017e-02 9.821071794346282191e-01 1.010865763998142652e+00 8.196481806359477042e-06 1.069898063477902406e-05 3.996172587751117372e-05
3.428571428571428603e-01 9.000000000000000000e+00 5.369339272976068195e-02 9.834286275930742560e-01 1.013389910350270373e+00 4.470494646810098998e-06 1.058337736123741371e-05 3.948875082845183316e-05
3.469387755102041337e-01 9.000000000000000000e+00 4.812926498085338956e-02 9.841051139764845912e-01 1.014734319555864461e+00 5.944898331854920111e-06 1.055192449467511390e-05 3.955240158205377405e-05
3.510204081632652962e-01 9.000000000000000000e+00 5.356969413841720928e-02 9.845839869248744769e-01 1.015716094529684144e+00 5.016855742718725195e-06 1.066338137021872955e-05 4.015126595190192859e-05
3.551020408163265696e-01 9.000000000000000000e+00 5.135780438342039955e-02 9.852800786532026622e-01 1.017085948228518832e+00 4.213263844627526573e-06 1.050343903823422371e-05 3.908491593583349975e-05
3.591836734693877875e-01 9.000000000000000000e+00 5.304748283319501989e-02 9.866862152880572223e-01 1.019726451660065036e+00 4.482018236567873025e-06 1.114013099491780579e-05 4.173168522330404591e-05
3.632653061224490054e-01 9.000000000000000000e+00 5.483424902985807592e-02 9.883559696231511982e-01 1.022934398719236748e+00 4.223070262083876776e-06 1.045905213212274519e-05 3.950704453027839016e-05
3.673469387755102233e-01 9.000000000000000000e+00 6.030659063782595891e-02 9.890011908135677432e-01 1.024162121617787191e+00 5.478347582564791981e-06 1.117606909241909722e-05 4.214920114094634576e-05
3.714285714285714413e-01 9.000000000000000000e+00 5.952552041976182096e-02 9.897787265282590452e-01 1.025704936459102212e+00 6.450761072815502528e-06 1.057476722263567690e-05 4.022958284244670696e-05
3.755102040816327147e-01 9.000000000000000000e+00 5.930624335263510322e-02 9.908979348010960031e-01 1.027881574472935045e+00 5.094927103456805585e-06 1.079214830589052361e-05 4.098708588727890961e-05
3.795918367346938771e-01 9.000000000000000000e+00 6.437275737479307425e-02 9.915808433266107835e-01 1.029233032461680741e+00 5.333983078225274246e-06 1.092519242495182666e-05 4.143126562193706044e-05
3.836734693877551505e-01 9.000000000000000000e+00 5.835760769085917427e-02 9.924696796866268045e-01 1.030941222987724615e+00 3.879045527540851842e-06 1.086952023902386781e-05 4.161041106557979190e-05
3.877551020408163684e-01 9.000000000000000000e+00 5.791908909407440104e-02 9.937648739014226518e-01 1.033453968594391981e+00 6.051181696473273164e-06 1.033599032413944604e-05 3.920356616883007055e-05
3.918367346938775864e-01 9.000000000000000000e+00 6.328911372669952795e-02 9.949150127048580483e-01 1.035644316535681009e+00 5.234103146162314145e-06 1.046016807634050222e-05 4.027876276367657794e-05
3.959183673469388043e-01 9.000000000000000000e+00 6.099537230025470907e-02 9.954465641833188938e-01 1.036750665937456573e+00 8.853181993538713384e-06 1.098356677963559579e-05 4.199418890072556521e-05
4.000000000000000222e-01 9.000000000000000000e+00 6.005430903523392705e-02 9.963768530612858720e-01 1.038565128240137803e+00 4.041912502779312700e-06 1.084557989537839206e-05 4.130436400757066392e-05
