2.000000000000000111e-01 1.000000000000000000e+00 -1.098455280042311480e-02 5.688019078787335259e-01 5.838048497558776528e-01 4.840659571897032529e-04 5.987077884160390916e-05 1.882881930717163264e-04
2.040816326530612290e-01 1.000000000000000000e+00 1.148782045419168181e-02 5.698617219464066075e-01 5.862233853182862164e-01 4.030264677489866923e-04 7.039344646640056772e-05 2.239431549890350003e-04
2.081632653061224469e-01 1.000000000000000000e+00 5.071589203637320159e-03 5.722535795414012139e-01 5.899490889702327934e-01 3.036973816111849969e-04 6.812020025937240376e-05 2.294957505131998976e-04
2.122448979591836926e-01 1.000000000000000000e+00 -6.798695712529941731e-04 5.747350633180804413e-01 5.938359356594639094e-01 4.764673726505537022e-04 7.574052444410162054e-05 2.243614142084385059e-04
2.163265306122449105e-01 1.000000000000000000e+00 -3.015407682020502037e-03 5.770563583635605065e-01 5.974437973023100090e-01 4.655943195251615392e-04 7.137297229293611191e-05 2.181042390540885608e-04
2.204081632653061285e-01 1.000000000000000000e+00 -5.091747458748194580e-03 5.816378635167032130e-01 6.056405441003598344e-01 5.041359994043823414e-04 6.796357744039553434e-05 2.187710092386796013e-04
2.244897959183673741e-01 1.000000000000000000e+00 2.442268256776345021e-03 5.862683955067558017e-01 6.126472959912564464e-01 3.469302415876995122e-04 7.025952123810900952e-05 2.313552142212505847e-04
2.285714285714285920e-01 1.000000000000000000e+00 4.264660804301221089e-03 5.870652153374751325e-01 6.140618828928314787e-01 4.751847712154066094e-04 7.719795536903399180e-05 2.488391735072553236e-04
2.326530612244898100e-01 1.000000000000000000e+00 -8.113064027476236256e-03 5.921129977737212835e-01 6.222991349382520632e-01 5.079738914858354529e-04 8.236098101538489767e-05 2.655857540452312968e-04
2.367346938775510279e-01 1.000000000000000000e+00 -3.961201545605904772e-04 5.936169061875603559e-01 6.250152819724589248e-01 6.585329167256152080e-04 7.003295801785872435e-05 2.283854685821281802e-04
2.408163265306122458e-01 1.000000000000000000e+00 -3.645444898199144039e-04 5.998846510794905162e-01 6.357723804103868614e-01 7.898541300401320815e-04 8.228790538877406443e-05 2.563502275228217876e-04
2.448979591836734915e-01 1.000000000000000000e+00 -1.660729722662614431e-04 6.010319515656996625e-01 6.384236513095513654e-01 5.643958728764415702e-04 8.603200853132751918e-05 2.714470712467996027e-04
2.489795918367347094e-01 1.000000000000000000e+00 1.548464056841840700e-02 6.053715193924100735e-01 6.450521318737810761e-01 1.421381428654796110e-03 9.696765402022467764e-05 2.997257931161920056e-04
2.530612244897959551e-01 1.000000000000000000e+00 -5.761077056930531117e-04 6.123190035081864657e-01 6.568627214388362834e-01 1.362687487892623017e-03 8.159822514195942450e-05 2.710180160616165409e-04
2.571428571428571730e-01 1.000000000000000000e+00 -1.139823655114420055e-02 6.137409977028884800e-01 6.594434831402381514e-01 4.902242432098599537e-04 8.042230430642551388e-05 2.632644538047810580e-04
2.612244897959183909e-01 1.000000000000000000e+00 -2.967336016891572881e-03 6.189754024328315563e-01 6.682239842406187957e-01 6.177402654513026265e-04 8.067281058027392555e-05 2.726389505279032551e-04
2.653061224489796088e-01 1.000000000000000000e+00 4.810389573441106043e-02 6.241967658936896646e-01 6.771948335222481852e-01 2.426185166234403820e-03 9.040210788686883780e-05 2.996336494480961545e-04
2.693877551020408267e-01 1.000000000000000000e+00 -3.530623127529424615e-02 6.279038151053869532e-01 6.835507377475021906e-01 1.043168471656248913e-03 9.956417144212521006e-05 3.391844514005782902e-04
2.734693877551020447e-01 1.000000000000000000e+00 3.245925036568269445e-02 6.357924559946354082e-01 6.970641374505521792e-01 9.607551139794858830e-04 7.789281719288553691e-05 2.705152304939918749e-04
2.775510204081632626e-01 1.000000000000000000e+00 -1.524554191141193685e-02 6.417829217247652540e-01 7.080937513815090956e-01 2.971901676944504133e-04 8.143269316611059924e-05 2.860173378298338869e-04
2.816326530612245360e-01 1.000000000000000000e+00 8.569547924748496803e-03 6.499564962708554994e-01 7.214579829138949574e-01 1.350441268080264769e-03 1.255855415790522187e-04 4.214958015437165746e-04
2.857142857142856984e-01 1.000000000000000000e+00 5.153914966207853721e-02 6.536074629769407229e-01 7.277737866396435384e-01 4.294577831453541810e-04 9.862635155604523483e-05 3.472439144610656365e-04
2.897959183673469719e-01 1.000000000000000000e+00 2.479850895670506275e-02 6.605493255778619455e-01 7.400196238749789934e-01 3.745406083031821605e-04 9.382385384505108610e-05 3.289146304826033834e-04
2.938775510204081898e-01 1.000000000000000000e+00 2.495475524485193941e-02 6.676119426726647710e-01 7.524565278259890411e-01 1.990809623839794127e-03 1.112089838687962989e-04 3.764365429676430272e-04
2.979591836734694077e-01 1.000000000000000000e+00 -3.113701070787568484e-02 6.711991196492361755e-01 7.591345500694388626e-01 6.990174981204043186e-04 9.714884817381267725e-05 3.499651497340431857e-04
3.020408163265306256e-01 1.000000000000000000e+00 -6.951499258451934726e-02 6.853800459976713277e-01 7.839107927092999750e-01 1.063526662456814632e-03 1.260357849355792439e-04 4.451193904468910239e-04
3.061224489795918435e-01 1.000000000000000000e+00 5.884959681892488331e-02 6.931580521455551480e-01 7.975175654777680867e-01 4.252808021477085150e-03 1.103421360419518685e-04 3.917394781804882592e-04
3.102040816326531170e-01 1.000000000000000000e+00 6.480530575959085604e-02 7.025908082794213305e-01 8.146571292518067775e-01 1.194564608458953967e-03 1.288605218303128029e-04 4.637756536281333725e-04
3.142857142857142794e-01 1.000000000000000000e+00 5.205808430639147222e-02 7.201014158768901385e-01 8.455403887612695790e-01 3.493624711627445634e-03 1.114677175839250150e-04 4.217979822563608979e-04
3.183673469387755528e-01 1.000000000000000000e+00 1.166669263375296195e-01 7.268604226089063758e-01 8.576184476732919837e-01 6.950787452693048350e-04 1.139036350135704375e-04 4.367627267875900617e-04
3.224489795918367707e-01 1.000000000000000000e+00 1.326565673125192635e-01 7.370234273271365488e-01 8.761480046063440108e-01 7.397301926890780931e-04 1.062756797605409956e-04 4.093980696323573339e-04
3.265306122448979886e-01 1.000000000000000000e+00 1.392272914435679354e-01 7.512568074586942757e-01 9.025059993383809376e-01 9.279005220622206594e-04 1.703142659209275537e-04 6.371507998334605951e-04
3.306122448979592066e-01 1.000000000000000000e+00 1.383049498191179227e-01 7.685445317392761710e-01 9.332050532228213235e-01 5.999139811213641520e-04 1.711161387686165449e-04 6.197797855042764138e-04
3.346938775510204245e-01 1.000000000000000000e+00 1.329101573773235935e-02 7.734241208379504240e-01 9.425408915057179593e-01 1.679288604273239871e-03 1.688448342329826324e-04 6.335775315433834955e-04
3.387755102040816424e-01 1.000000000000000000e+00 -3.747750759145425381e-02 7.956161818914355699e-01 9.835707913349694964e-01 4.240353511371176831e-03 1.622582698039911914e-04 6.225011365870309872e-04
3.428571428571428603e-01 1.000000000000000000e+00 -1.298694306531214260e-01 8.165520772077461409e-01 1.022032971053086214e+00 1.430568502619401945e-03 1.453117523477651606e-04 5.907193926300840104e-04
3.469387755102041337e-01 1.000000000000000000e+00 -2.198794424603939257e-01 8.362213566667795472e-01 1.058336097785511187e+00 5.336103500281808194e-03 1.715992344218129700e-04 6.910062987998217762e-04
3.510204081632652962e-01 1.000000000000000000e+00 -2.667434176917561350e-01 8.579393889072489676e-01 1.099905456789974867e+00 8.012717668072619941e-04 1.705865698423758917e-04 7.049098047962615169e-04
3.551020408163265696e-01 1.000000000000000000e+00 -2.817680397749375287e-01 8.801433277604550076e-01 1.141204446625942337e+00 1.199142840801153574e-03 1.579139010381807034e-04 6.858488780177571026e-04
3.591836734693877875e-01 1.000000000000000000e+00 -2.510823720839712170e-01 8.876411090181353103e-01 1.156681851918219373e+00 7.689624527346944479e-04 2.000153726459397965e-04 8.628347901823664109e-04
3.632653061224490054e-01 1.000000000000000000e+00 -3.421801030640597707e-01 9.127730462292055202e-01 1.204564214166201630e+00 2.612411984680065163e-04 1.393457080017463702e-04 6.598260016100934277e-04
3.673469387755102233e-01 1.000000000000000000e+00 -5.438631923511713095e-01 9.317706778177718974e-01 1.240788671634645013e+00 2.570095120548127575e-03 2.124389217716505596e-04 9.201166868623596434e-04
3.714285714285714413e-01 1.000000000000000000e+00 -7.632986499424917470e-01 9.566407525160933734e-01 1.289180972647790302e+00 8.450978884233748554e-04 1.673788530748801951e-04 7.864971612181506340e-04
3.755102040816327147e-01 1.000000000000000000e+00 -8.839909736838964527e-01 9.893039499896809641e-01 1.352239008038997437e+00 1.789083781382544891e-04 1.581057137592090090e-04 7.603683460791504532e-04
3.795918367346938771e-01 1.000000000000000000e+00 -8.930111038966109804e-01 9.994355736510820432e-01 1.373604240119699949e+00 1.169508108040994077e-04 1.530548965153003265e-04 7.520179769814437773e-04
3.836734693877551505e-01 1.000000000000000000e+00 -9.053627639788385251e-01 1.012214011076280284e+00 1.399907271403415310e+00 9.965479550518058672e-05 1.327329328223281321e-04 6.620437382987315756e-04
3.877551020408163684e-01 1.000000000000000000e+00 -9.167538328457996988e-01 1.028368658999698759e+00 1.433451053188608881e+00 1.100802703221077190e-04 1.400886693794842599e-04 7.316599890754245990e-04
3.918367346938775864e-01 1.000000000000000000e+00 -9.319578659731879711e-01 1.042329593911672569e+00 1.462481467101070853e+00 7.845143358298146041e-05 1.439573834333976671e-04 7.832262708648250749e-04
3.959183673469388043e-01 1.000000000000000000e+00 -9.389142012328682840e-01 1.052746096491658623e+00 1.485240599442251286e+00 7.197188002875167261e-05 1.433793847535095266e-04 7.769374803433476764e-04
4.000000000000000222e-01 1.000000000000000000e+00 -9.501288096292719310e-01 1.066131830537775382e+00 1.513302161067519691e+00 8.019934089145987189e-05 1.398974059954276447e-04 7.527744370638933232e-04
